-232.72 117.76 92.17
0.8 -0.4 -0.3
-232.64 117.72 92.14
0.8 -0.4 -0.3
-232.56 117.68 92.11
0.8 -0.4 -0.3
-232.48 117.64 92.08
0.8 -0.4 -0.3
-232.4 117.6 92.05
0.8 -0.4 -0.3
-232.32 117.56 92.02
0.8 -0.4 -0.3
-232.24 117.52 91.99
0.8 -0.4 -0.3
-232.16 117.48 91.96
0.8 -0.4 -0.3
-232.08 117.44 91.93
0.8 -0.4 -0.3
-232 117.4 91.9
0.8 -0.4 -0.3
-231.92 117.36 91.87
0.8 -0.4 -0.3
-231.84 117.32 91.84
0.8 -0.4 -0.3
-231.76 117.28 91.81
0.8 -0.4 -0.3
-231.68 117.24 91.78
0.8 -0.4 -0.3
-231.6 117.2 91.75
0.8 -0.4 -0.3
-231.52 117.16 91.72
0.8 -0.4 -0.3
-231.44 117.12 91.69
0.8 -0.4 -0.3
-231.36 117.08 91.66
0.8 -0.4 -0.3
-231.28 117.04 91.63
0.8 -0.4 -0.3
-231.2 117 91.6
0.8 -0.4 -0.3
-231.12 116.96 91.57
0.8 -0.4 -0.3
-231.04 116.92 91.54
0.8 -0.4 -0.3
-230.96 116.88 91.51
0.8 -0.4 -0.3
-230.88 116.84 91.48
0.8 -0.4 -0.3
-230.8 116.8 91.45
0.8 -0.4 -0.3
-230.72 116.76 91.42
0.8 -0.4 -0.3
-230.64 116.72 91.39
0.8 -0.4 -0.3
-230.56 116.68 91.36
0.8 -0.4 -0.3
-230.48 116.64 91.33
0.8 -0.4 -0.3
-230.4 116.6 91.3
0.8 -0.4 -0.3
-230.32 116.56 91.27
0.8 -0.4 -0.3
-230.24 116.52 91.24
0.8 -0.4 -0.3
-230.16 116.48 91.21
0.8 -0.4 -0.3
-230.08 116.44 91.18
0.8 -0.4 -0.3
-230 116.4 91.15
0.8 -0.4 -0.3
-229.92 116.36 91.12
0.8 -0.4 -0.3
-229.84 116.32 91.09
0.8 -0.4 -0.3
-229.76 116.28 91.06
0.8 -0.4 -0.3
-229.68 116.24 91.03
0.8 -0.4 -0.3
-229.6 116.2 91
0.8 -0.4 -0.3
-229.52 116.16 90.97
0.8 -0.4 -0.3
-229.44 116.12 90.94
0.8 -0.4 -0.3
-229.36 116.08 90.91
0.8 -0.4 -0.3
-229.28 116.04 90.88
0.8 -0.4 -0.3
-229.2 116 90.85
0.8 -0.4 -0.3
-229.12 115.96 90.82
0.8 -0.4 -0.3
-229.04 115.92 90.79
0.8 -0.4 -0.3
-228.96 115.88 90.76
0.8 -0.4 -0.3
-228.88 115.84 90.73
0.8 -0.4 -0.3
-228.8 115.8 90.7
0.8 -0.4 -0.3
-228.72 115.76 90.67
0.8 -0.4 -0.3
-228.64 115.72 90.64
0.8 -0.4 -0.3
-228.56 115.68 90.61
0.8 -0.4 -0.3
-228.48 115.64 90.58
0.8 -0.4 -0.3
-228.4 115.6 90.55
0.8 -0.4 -0.3
-228.32 115.56 90.52
0.8 -0.4 -0.3
-228.24 115.52 90.49
0.8 -0.4 -0.3
-228.16 115.48 90.46
0.8 -0.4 -0.3
-228.08 115.44 90.43
0.8 -0.4 -0.3
-228 115.4 90.4
0.8 -0.4 -0.3
-227.92 115.36 90.37
0.8 -0.4 -0.3
-227.84 115.32 90.34
0.8 -0.4 -0.3
-227.76 115.28 90.31
0.8 -0.4 -0.3
-227.68 115.24 90.28
0.8 -0.4 -0.3
-227.6 115.2 90.25
0.8 -0.4 -0.3
-227.52 115.16 90.22
0.8 -0.4 -0.3
-227.44 115.12 90.19
0.8 -0.4 -0.3
-227.36 115.08 90.16
0.8 -0.4 -0.3
-227.28 115.04 90.13
0.8 -0.4 -0.3
-227.2 115 90.1
0.8 -0.4 -0.3
-227.12 114.96 90.07
0.8 -0.4 -0.3
-227.04 114.92 90.04
0.8 -0.4 -0.3
-226.96 114.88 90.01
0.8 -0.4 -0.3
-226.88 114.84 89.98
0.8 -0.4 -0.3
-226.8 114.8 89.95
0.8 -0.4 -0.3
-226.72 114.76 89.92
0.8 -0.4 -0.3
-226.64 114.72 89.89
0.8 -0.4 -0.3
-226.56 114.68 89.86
0.8 -0.4 -0.3
-226.48 114.64 89.83
0.8 -0.4 -0.3
-226.4 114.6 89.8
0.8 -0.4 -0.3
-226.32 114.56 89.77
0.8 -0.4 -0.3
-226.24 114.52 89.74
0.8 -0.4 -0.3
-226.16 114.48 89.71
0.8 -0.4 -0.3
-226.08 114.44 89.68
0.8 -0.4 -0.3
-226 114.4 89.65
0.8 -0.4 -0.3
-225.92 114.36 89.62
0.8 -0.4 -0.3
-225.84 114.32 89.59
0.8 -0.4 -0.3
-225.76 114.28 89.56
0.8 -0.4 -0.3
-225.68 114.24 89.53
0.8 -0.4 -0.3
-225.6 114.2 89.5
0.8 -0.4 -0.3
-225.52 114.16 89.47
0.8 -0.4 -0.3
-225.44 114.12 89.44
0.8 -0.4 -0.3
-225.36 114.08 89.41
0.8 -0.4 -0.3
-225.28 114.04 89.38
0.8 -0.4 -0.3
-225.2 114 89.35
0.8 -0.4 -0.3
-225.12 113.96 89.32
0.8 -0.4 -0.3
-225.04 113.92 89.29
0.8 -0.4 -0.3
-224.96 113.88 89.26
0.8 -0.4 -0.3
-224.88 113.84 89.23
0.8 -0.4 -0.3
-224.8 113.8 89.2
0.8 -0.4 -0.3
-224.72 113.76 89.17
0.8 -0.4 -0.3
-224.64 113.72 89.14
0.8 -0.4 -0.3
-224.56 113.68 89.11
0.8 -0.4 -0.3
-224.48 113.64 89.08
0.8 -0.4 -0.3
-224.4 113.6 89.05
0.8 -0.4 -0.3
-224.32 113.56 89.02
0.8 -0.4 -0.3
-224.24 113.52 88.99
0.8 -0.4 -0.3
-224.16 113.48 88.96
0.8 -0.4 -0.3
-224.08 113.44 88.93
0.8 -0.4 -0.3
-224 113.4 88.9
0.8 -0.4 -0.3
-223.92 113.36 88.87
0.8 -0.4 -0.3
-223.84 113.32 88.84
0.8 -0.4 -0.3
-223.76 113.28 88.81
0.8 -0.4 -0.3
-223.68 113.24 88.78
0.8 -0.4 -0.3
-223.6 113.2 88.75
0.8 -0.4 -0.3
-223.52 113.16 88.72
0.8 -0.4 -0.3
-223.44 113.12 88.69
0.8 -0.4 -0.3
-223.36 113.08 88.66
0.8 -0.4 -0.3
-223.28 113.04 88.63
0.8 -0.4 -0.3
-223.2 113 88.6
0.8 -0.4 -0.3
-223.12 112.96 88.57
0.8 -0.4 -0.3
-223.04 112.92 88.54
0.8 -0.4 -0.3
-222.96 112.88 88.51
0.8 -0.4 -0.3
-222.88 112.84 88.48
0.8 -0.4 -0.3
-222.8 112.8 88.45
0.8 -0.4 -0.3
-222.72 112.76 88.42
0.8 -0.4 -0.3
-222.64 112.72 88.39
0.8 -0.4 -0.3
-222.56 112.68 88.36
0.8 -0.4 -0.3
-222.48 112.64 88.33
0.8 -0.4 -0.3
-222.4 112.6 88.3
0.8 -0.4 -0.3
-222.32 112.56 88.27
0.8 -0.4 -0.3
-222.24 112.52 88.24
0.8 -0.4 -0.3
-222.16 112.48 88.21
0.8 -0.4 -0.3
-222.08 112.44 88.18
0.8 -0.4 -0.3
-222 112.4 88.15
0.8 -0.4 -0.3
-221.92 112.36 88.12
0.8 -0.4 -0.3
-221.84 112.32 88.09
0.8 -0.4 -0.3
-221.76 112.28 88.06
0.8 -0.4 -0.3
-221.68 112.24 88.03
0.8 -0.4 -0.3
-221.6 112.2 88
0.8 -0.4 -0.3
-221.52 112.16 87.97
0.8 -0.4 -0.3
-221.44 112.12 87.94
0.8 -0.4 -0.3
-221.36 112.08 87.91
0.8 -0.4 -0.3
-221.28 112.04 87.88
0.8 -0.4 -0.3
-221.2 112 87.85
0.8 -0.4 -0.3
-221.12 111.96 87.82
0.8 -0.4 -0.3
-221.04 111.92 87.79
0.8 -0.4 -0.3
-220.96 111.88 87.76
0.8 -0.4 -0.3
-220.88 111.84 87.73
0.8 -0.4 -0.3
-220.8 111.8 87.7
0.8 -0.4 -0.3
-220.72 111.76 87.67
0.8 -0.4 -0.3
-220.64 111.72 87.64
0.8 -0.4 -0.3
-220.56 111.68 87.61
0.8 -0.4 -0.3
-220.48 111.64 87.58
0.8 -0.4 -0.3
-220.4 111.6 87.55
0.8 -0.4 -0.3
-220.32 111.56 87.52
0.8 -0.4 -0.3
-220.24 111.52 87.49
0.8 -0.4 -0.3
-220.16 111.48 87.46
0.8 -0.4 -0.3
-220.08 111.44 87.43
0.8 -0.4 -0.3
-220 111.4 87.4
0.8 -0.4 -0.3
-219.92 111.36 87.37
0.8 -0.4 -0.3
-219.84 111.32 87.34
0.8 -0.4 -0.3
-219.76 111.28 87.31
0.8 -0.4 -0.3
-219.68 111.24 87.28
0.8 -0.4 -0.3
-219.6 111.2 87.25
0.8 -0.4 -0.3
-219.52 111.16 87.22
0.8 -0.4 -0.3
-219.44 111.12 87.19
0.8 -0.4 -0.3
-219.36 111.08 87.16
0.8 -0.4 -0.3
-219.28 111.04 87.13
0.8 -0.4 -0.3
-219.2 111 87.1
0.8 -0.4 -0.3
-219.12 110.96 87.07
0.8 -0.4 -0.3
-219.04 110.92 87.04
0.8 -0.4 -0.3
-218.96 110.88 87.01
0.8 -0.4 -0.3
-218.88 110.84 86.98
0.8 -0.4 -0.3
-218.8 110.8 86.95
0.8 -0.4 -0.3
-218.72 110.76 86.92
0.8 -0.4 -0.3
-218.64 110.72 86.89
0.8 -0.4 -0.3
-218.56 110.68 86.86
0.8 -0.4 -0.3
-218.48 110.64 86.83
0.8 -0.4 -0.3
-218.4 110.6 86.8
0.8 -0.4 -0.3
-218.32 110.56 86.77
0.8 -0.4 -0.3
-218.24 110.52 86.74
0.8 -0.4 -0.3
-218.16 110.48 86.71
0.8 -0.4 -0.3
-218.08 110.44 86.68
0.8 -0.4 -0.3
-218 110.4 86.65
0.8 -0.4 -0.3
-217.92 110.36 86.62
0.8 -0.4 -0.3
-217.84 110.32 86.59
0.8 -0.4 -0.3
-217.76 110.28 86.56
0.8 -0.4 -0.3
-217.68 110.24 86.53
0.8 -0.4 -0.3
-217.6 110.2 86.5
0.8 -0.4 -0.3
-217.52 110.16 86.47
0.8 -0.4 -0.3
-217.44 110.12 86.44
0.8 -0.4 -0.3
-217.36 110.08 86.41
0.8 -0.4 -0.3
-217.28 110.04 86.38
0.8 -0.4 -0.3
-217.2 110 86.35
0.8 -0.4 -0.3
-217.12 109.96 86.32
0.8 -0.4 -0.3
-217.04 109.92 86.29
0.8 -0.4 -0.3
-216.96 109.88 86.26
0.8 -0.4 -0.3
-216.88 109.84 86.23
0.8 -0.4 -0.3
-216.8 109.8 86.2
0.8 -0.4 -0.3
-216.72 109.76 86.17
0.8 -0.4 -0.3
-216.64 109.72 86.14
0.8 -0.4 -0.3
-216.56 109.68 86.11
0.8 -0.4 -0.3
-216.48 109.64 86.08
0.8 -0.4 -0.3
-216.4 109.6 86.05
0.8 -0.4 -0.3
-216.32 109.56 86.02
0.8 -0.4 -0.3
-216.24 109.52 85.99
0.8 -0.4 -0.3
-216.16 109.48 85.96
0.8 -0.4 -0.3
-216.08 109.44 85.93
0.8 -0.4 -0.3
-216 109.4 85.9
0.8 -0.4 -0.3
-215.92 109.36 85.87
0.8 -0.4 -0.3
-215.84 109.32 85.84
0.8 -0.4 -0.3
-215.76 109.28 85.81
0.8 -0.4 -0.3
-215.68 109.24 85.78
0.8 -0.4 -0.3
-215.6 109.2 85.75
0.8 -0.4 -0.3
-215.52 109.16 85.72
0.8 -0.4 -0.3
-215.44 109.12 85.69
0.8 -0.4 -0.3
-215.36 109.08 85.66
0.8 -0.4 -0.3
-215.28 109.04 85.63
0.8 -0.4 -0.3
-215.2 109 85.6
0.8 -0.4 -0.3
-215.12 108.96 85.57
0.8 -0.4 -0.3
-215.04 108.92 85.54
0.8 -0.4 -0.3
-214.96 108.88 85.51
0.8 -0.4 -0.3
-214.88 108.84 85.48
0.8 -0.4 -0.3
-214.8 108.8 85.45
0.8 -0.4 -0.3
-214.72 108.76 85.42
0.8 -0.4 -0.3
-214.64 108.72 85.39
0.8 -0.4 -0.3
-214.56 108.68 85.36
0.8 -0.4 -0.3
-214.48 108.64 85.33
0.8 -0.4 -0.3
-214.4 108.6 85.3
0.8 -0.4 -0.3
-214.32 108.56 85.27
0.8 -0.4 -0.3
-214.24 108.52 85.24
0.8 -0.4 -0.3
-214.16 108.48 85.21
0.8 -0.4 -0.3
-214.08 108.44 85.18
0.8 -0.4 -0.3
-214 108.4 85.15
0.8 -0.4 -0.3
-213.92 108.36 85.12
0.8 -0.4 -0.3
-213.84 108.32 85.09
0.8 -0.4 -0.3
-213.76 108.28 85.06
0.8 -0.4 -0.3
-213.68 108.24 85.03
0.8 -0.4 -0.3
-213.6 108.2 85
0.8 -0.4 -0.3
-213.52 108.16 84.97
0.8 -0.4 -0.3
-213.44 108.12 84.94
0.8 -0.4 -0.3
-213.36 108.08 84.91
0.8 -0.4 -0.3
-213.28 108.04 84.88
0.8 -0.4 -0.3
-213.2 108 84.85
0.8 -0.4 -0.3
-213.12 107.96 84.82
0.8 -0.4 -0.3
-213.04 107.92 84.79
0.8 -0.4 -0.3
-212.96 107.88 84.76
0.8 -0.4 -0.3
-212.88 107.84 84.73
0.8 -0.4 -0.3
-212.8 107.8 84.7
0.8 -0.4 -0.3
-212.72 107.76 84.67
0.8 -0.4 -0.3
-212.64 107.72 84.64
0.8 -0.4 -0.3
-212.56 107.68 84.61
0.8 -0.4 -0.3
-212.48 107.64 84.58
0.8 -0.4 -0.3
-212.4 107.6 84.55
0.8 -0.4 -0.3
-212.32 107.56 84.52
0.8 -0.4 -0.3
-212.24 107.52 84.49
0.8 -0.4 -0.3
-212.16 107.48 84.46
0.8 -0.4 -0.3
-212.08 107.44 84.43
0.8 -0.4 -0.3
-212 107.4 84.4
0.8 -0.4 -0.3
-211.92 107.36 84.37
0.8 -0.4 -0.3
-211.84 107.32 84.34
0.8 -0.4 -0.3
-211.76 107.28 84.31
0.8 -0.4 -0.3
-211.68 107.24 84.28
0.8 -0.4 -0.3
-211.6 107.2 84.25
0.8 -0.4 -0.3
-211.52 107.16 84.22
0.8 -0.4 -0.3
-211.44 107.12 84.19
0.8 -0.4 -0.3
-211.36 107.08 84.16
0.8 -0.4 -0.3
-211.28 107.04 84.13
0.8 -0.4 -0.3
-211.2 107 84.1
0.8 -0.4 -0.3
-211.12 106.96 84.07
0.8 -0.4 -0.3
-211.04 106.92 84.04
0.8 -0.4 -0.3
-210.96 106.88 84.01
0.8 -0.4 -0.3
-210.88 106.84 83.98
0.8 -0.4 -0.3
-210.8 106.8 83.95
0.8 -0.4 -0.3
-210.72 106.76 83.92
0.8 -0.4 -0.3
-210.64 106.72 83.89
0.8 -0.4 -0.3
-210.56 106.68 83.86
0.8 -0.4 -0.3
-210.48 106.64 83.83
0.8 -0.4 -0.3
-210.4 106.6 83.8
0.8 -0.4 -0.3
-210.32 106.56 83.77
0.8 -0.4 -0.3
-210.24 106.52 83.74
0.8 -0.4 -0.3
-210.16 106.48 83.71
0.8 -0.4 -0.3
-210.08 106.44 83.68
0.8 -0.4 -0.3
-210 106.4 83.65
0.8 -0.4 -0.3
-209.92 106.36 83.62
0.8 -0.4 -0.3
-209.84 106.32 83.59
0.8 -0.4 -0.3
-209.76 106.28 83.56
0.8 -0.4 -0.3
-209.68 106.24 83.53
0.8 -0.4 -0.3
-209.6 106.2 83.5
0.8 -0.4 -0.3
-209.52 106.16 83.47
0.8 -0.4 -0.3
-209.44 106.12 83.44
0.8 -0.4 -0.3
-209.36 106.08 83.41
0.8 -0.4 -0.3
-209.28 106.04 83.38
0.8 -0.4 -0.3
-209.2 106 83.35
0.8 -0.4 -0.3
-209.12 105.96 83.32
0.8 -0.4 -0.3
-209.04 105.92 83.29
0.8 -0.4 -0.3
-208.96 105.88 83.26
0.8 -0.4 -0.3
-208.88 105.84 83.23
0.8 -0.4 -0.3
-208.8 105.8 83.2
0.8 -0.4 -0.3
-208.72 105.76 83.17
0.8 -0.4 -0.3
-208.64 105.72 83.14
0.8 -0.4 -0.3
-208.56 105.68 83.11
0.8 -0.4 -0.3
-208.48 105.64 83.08
0.8 -0.4 -0.3
-208.4 105.6 83.05
0.8 -0.4 -0.3
-208.32 105.56 83.02
0.8 -0.4 -0.3
-208.24 105.52 82.99
0.8 -0.4 -0.3
-208.16 105.48 82.96
0.8 -0.4 -0.3
-208.08 105.44 82.93
0.8 -0.4 -0.3
-208 105.4 82.9
0.8 -0.4 -0.3
-207.92 105.36 82.87
0.8 -0.4 -0.3
-207.84 105.32 82.84
0.8 -0.4 -0.3
-207.76 105.28 82.81
0.8 -0.4 -0.3
-207.68 105.24 82.78
0.8 -0.4 -0.3
-207.6 105.2 82.75
0.8 -0.4 -0.3
-207.52 105.16 82.72
0.8 -0.4 -0.3
-207.44 105.12 82.69
0.8 -0.4 -0.3
-207.36 105.08 82.66
0.8 -0.4 -0.3
-207.28 105.04 82.63
0.8 -0.4 -0.3
-207.2 105 82.6
0.8 -0.4 -0.3
-207.12 104.96 82.57
0.8 -0.4 -0.3
-207.04 104.92 82.54
0.8 -0.4 -0.3
-206.96 104.88 82.51
0.8 -0.4 -0.3
-206.88 104.84 82.48
0.8 -0.4 -0.3
-206.8 104.8 82.45
0.8 -0.4 -0.3
-206.72 104.76 82.42
0.8 -0.4 -0.3
-206.64 104.72 82.39
0.8 -0.4 -0.3
-206.56 104.68 82.36
0.8 -0.4 -0.3
-206.48 104.64 82.33
0.8 -0.4 -0.3
-206.4 104.6 82.3
0.8 -0.4 -0.3
-206.32 104.56 82.27
0.8 -0.4 -0.3
-206.24 104.52 82.24
0.8 -0.4 -0.3
-206.16 104.48 82.21
0.8 -0.4 -0.3
-206.08 104.44 82.18
0.8 -0.4 -0.3
-206 104.4 82.15
0.8 -0.4 -0.3
-205.92 104.36 82.12
0.8 -0.4 -0.3
-205.84 104.32 82.09
0.8 -0.4 -0.3
-205.76 104.28 82.06
0.8 -0.4 -0.3
-205.68 104.24 82.03
0.8 -0.4 -0.3
-205.6 104.2 82
0.8 -0.4 -0.3
-205.52 104.16 81.97
0.8 -0.4 -0.3
-205.44 104.12 81.94
0.8 -0.4 -0.3
-205.36 104.08 81.91
0.8 -0.4 -0.3
-205.28 104.04 81.88
0.8 -0.4 -0.3
-205.2 104 81.85
0.8 -0.4 -0.3
-205.12 103.96 81.82
0.8 -0.4 -0.3
-205.04 103.92 81.79
0.8 -0.4 -0.3
-204.96 103.88 81.76
0.8 -0.4 -0.3
-204.88 103.84 81.73
0.8 -0.4 -0.3
-204.8 103.8 81.7
0.8 -0.4 -0.3
-204.72 103.76 81.67
0.8 -0.4 -0.3
-204.64 103.72 81.64
0.8 -0.4 -0.3
-204.56 103.68 81.61
0.8 -0.4 -0.3
-204.48 103.64 81.58
0.8 -0.4 -0.3
-204.4 103.6 81.55
0.8 -0.4 -0.3
-204.32 103.56 81.52
0.8 -0.4 -0.3
-204.24 103.52 81.49
0.8 -0.4 -0.3
-204.16 103.48 81.46
0.8 -0.4 -0.3
-204.08 103.44 81.43
0.8 -0.4 -0.3
-204 103.4 81.4
0.8 -0.4 -0.3
-203.92 103.36 81.37
0.8 -0.4 -0.3
-203.84 103.32 81.34
0.8 -0.4 -0.3
-203.76 103.28 81.31
0.8 -0.4 -0.3
-203.68 103.24 81.28
0.8 -0.4 -0.3
-203.6 103.2 81.25
0.8 -0.4 -0.3
-203.52 103.16 81.22
0.8 -0.4 -0.3
-203.44 103.12 81.19
0.8 -0.4 -0.3
-203.36 103.08 81.16
0.8 -0.4 -0.3
-203.28 103.04 81.13
0.8 -0.4 -0.3
-203.2 103 81.1
0.8 -0.4 -0.3
-203.12 102.96 81.07
0.8 -0.4 -0.3
-203.04 102.92 81.04
0.8 -0.4 -0.3
-202.96 102.88 81.01
0.8 -0.4 -0.3
-202.88 102.84 80.98
0.8 -0.4 -0.3
-202.8 102.8 80.95
0.8 -0.4 -0.3
-202.72 102.76 80.92
0.8 -0.4 -0.3
-202.64 102.72 80.89
0.8 -0.4 -0.3
-202.56 102.68 80.86
0.8 -0.4 -0.3
-202.48 102.64 80.83
0.8 -0.4 -0.3
-202.4 102.6 80.8
0.8 -0.4 -0.3
-202.32 102.56 80.77
0.8 -0.4 -0.3
-202.24 102.52 80.74
0.8 -0.4 -0.3
-202.16 102.48 80.71
0.8 -0.4 -0.3
-202.08 102.44 80.68
0.8 -0.4 -0.3
-202 102.4 80.65
0.8 -0.4 -0.3
-201.92 102.36 80.62
0.8 -0.4 -0.3
-201.84 102.32 80.59
0.8 -0.4 -0.3
-201.76 102.28 80.56
0.8 -0.4 -0.3
-201.68 102.24 80.53
0.8 -0.4 -0.3
-201.6 102.2 80.5
0.8 -0.4 -0.3
-201.52 102.16 80.47
0.8 -0.4 -0.3
-201.44 102.12 80.44
0.8 -0.4 -0.3
-201.36 102.08 80.41
0.8 -0.4 -0.3
-201.28 102.04 80.38
0.8 -0.4 -0.3
-201.2 102 80.35
0.8 -0.4 -0.3
-201.12 101.96 80.32
0.8 -0.4 -0.3
-201.04 101.92 80.29
0.8 -0.4 -0.3
-200.96 101.88 80.26
0.8 -0.4 -0.3
-200.88 101.84 80.23
0.8 -0.4 -0.3
-200.8 101.8 80.2
0.8 -0.4 -0.3
-200.72 101.76 80.17
0.8 -0.4 -0.3
-200.64 101.72 80.14
0.8 -0.4 -0.3
-200.56 101.68 80.11
0.8 -0.4 -0.3
-200.48 101.64 80.08
0.8 -0.4 -0.3
-200.4 101.6 80.05
0.8 -0.4 -0.3
-200.32 101.56 80.02
0.8 -0.4 -0.3
-200.24 101.52 79.99
0.8 -0.4 -0.3
-200.16 101.48 79.96
0.8 -0.4 -0.3
-200.08 101.44 79.93
0.8 -0.4 -0.3
-200 101.4 79.9
0.8 -0.4 -0.3
-199.92 101.36 79.87
0.8 -0.4 -0.3
-199.84 101.32 79.84
0.8 -0.4 -0.3
-199.76 101.28 79.811
0.8 -0.4 -0.3
-199.68 101.24 79.781
0.8 -0.4 -0.3
-199.6 101.2 79.751
0.8 -0.4 -0.3
-199.52 101.16 79.721
0.8 -0.4 -0.3
-199.44 101.12 79.691
0.8 -0.4 -0.3
-199.36 101.08 79.661
0.8 -0.4 -0.3
-199.28 101.04 79.631
0.8 -0.4 -0.3
-199.2 101 79.601
0.8 -0.4 -0.3
-199.12 100.96 79.571
0.8 -0.4 -0.3
-199.04 100.92 79.541
0.8 -0.4 -0.3
-198.96 100.88 79.511
0.8 -0.4 -0.3
-198.88 100.84 79.481
0.8 -0.4 -0.3
-198.8 100.8 79.451
0.8 -0.4 -0.3
-198.72 100.76 79.421
0.8 -0.4 -0.3
-198.64 100.72 79.391
0.8 -0.4 -0.3
-198.56 100.68 79.361
0.8 -0.4 -0.3
-198.48 100.64 79.331
0.8 -0.4 -0.3
-198.4 100.6 79.301
0.8 -0.4 -0.3
-198.32 100.56 79.271
0.8 -0.4 -0.3
-198.24 100.52 79.241
0.8 -0.4 -0.3
-198.16 100.48 79.211
0.8 -0.4 -0.3
-198.08 100.44 79.181
0.8 -0.4 -0.3
-198 100.4 79.151
0.8 -0.4 -0.3
-197.92 100.36 79.121
0.8 -0.4 -0.3
-197.84 100.32 79.091
0.8 -0.4 -0.3
-197.76 100.28 79.061
0.8 -0.4 -0.3
-197.68 100.24 79.031
0.8 -0.4 -0.3
-197.6 100.2 79.001
0.8 -0.4 -0.3
-197.52 100.16 78.971
0.8 -0.4 -0.3
-197.44 100.12 78.941
0.8 -0.4 -0.3
-197.36 100.08 78.911
0.8 -0.4 -0.3
-197.28 100.04 78.881
0.8 -0.4 -0.3
-197.2 100 78.851
0.8 -0.4 -0.3
-197.12 99.96 78.821
0.8 -0.4 -0.3
-197.04 99.92 78.791
0.8 -0.4 -0.3
-196.96 99.88 78.761
0.8 -0.4 -0.3
-196.88 99.84 78.731
0.8 -0.4 -0.3
-196.8 99.8 78.701
0.8 -0.4 -0.3
-196.72 99.76 78.671
0.8 -0.4 -0.3
-196.64 99.72 78.641
0.8 -0.4 -0.3
-196.56 99.68 78.611
0.8 -0.4 -0.3
-196.48 99.64 78.581
0.8 -0.4 -0.3
-196.4 99.6 78.551
0.8 -0.4 -0.3
-196.32 99.56 78.521
0.8 -0.4 -0.3
-196.24 99.52 78.491
0.8 -0.4 -0.3
-196.16 99.48 78.461
0.8 -0.4 -0.3
-196.08 99.44 78.431
0.8 -0.4 -0.3
-196 99.4 78.401
0.8 -0.4 -0.3
-195.92 99.36 78.371
0.8 -0.4 -0.3
-195.84 99.32 78.341
0.8 -0.4 -0.3
-195.76 99.28 78.311
0.8 -0.4 -0.3
-195.68 99.24 78.281
0.8 -0.4 -0.3
-195.6 99.2 78.251
0.8 -0.4 -0.3
-195.52 99.16 78.221
0.8 -0.4 -0.3
-195.44 99.12 78.191
0.8 -0.4 -0.3
-195.36 99.08 78.161
0.8 -0.4 -0.3
-195.28 99.04 78.131
0.8 -0.4 -0.3
-195.2 99 78.101
0.8 -0.4 -0.3
-195.12 98.96 78.071
0.8 -0.4 -0.3
-195.04 98.92 78.041
0.8 -0.4 -0.3
-194.96 98.88 78.011
0.8 -0.4 -0.3
-194.88 98.84 77.981
0.8 -0.4 -0.3
-194.8 98.8 77.951
0.8 -0.4 -0.3
-194.72 98.76 77.921
0.8 -0.4 -0.3
-194.64 98.72 77.891
0.8 -0.4 -0.3
-194.56 98.68 77.861
0.8 -0.4 -0.3
-194.48 98.64 77.831
0.8 -0.4 -0.3
-194.4 98.6 77.801
0.8 -0.4 -0.3
-194.32 98.56 77.771
0.8 -0.4 -0.3
-194.24 98.52 77.741
0.8 -0.4 -0.3
-194.16 98.48 77.711
0.8 -0.4 -0.3
-194.08 98.44 77.681
0.8 -0.4 -0.3
-194 98.4 77.651
0.8 -0.4 -0.3
-193.92 98.36 77.621
0.8 -0.4 -0.3
-193.84 98.32 77.591
0.8 -0.4 -0.3
-193.76 98.28 77.561
0.8 -0.4 -0.3
-193.68 98.24 77.531
0.8 -0.4 -0.3
-193.6 98.2 77.501
0.8 -0.4 -0.3
-193.52 98.16 77.471
0.8 -0.4 -0.3
-193.44 98.12 77.441
0.8 -0.4 -0.3
-193.36 98.08 77.411
0.8 -0.4 -0.3
-193.28 98.04 77.381
0.8 -0.4 -0.3
-193.2 98 77.351
0.8 -0.4 -0.3
-193.12 97.96 77.321
0.8 -0.4 -0.3
-193.04 97.92 77.291
0.8 -0.4 -0.3
-192.96 97.88 77.261
0.8 -0.4 -0.3
-192.88 97.84 77.231
0.8 -0.4 -0.3
-192.8 97.8 77.201
0.8 -0.4 -0.3
-192.72 97.76 77.171
0.8 -0.4 -0.3
-192.64 97.72 77.141
0.8 -0.4 -0.3
-192.56 97.68 77.111
0.8 -0.4 -0.3
-192.48 97.64 77.081
0.8 -0.4 -0.3
-192.4 97.6 77.051
0.8 -0.4 -0.3
-192.32 97.56 77.021
0.8 -0.4 -0.3
-192.24 97.52 76.991
0.8 -0.4 -0.3
-192.16 97.48 76.961
0.8 -0.4 -0.3
-192.08 97.44 76.931
0.8 -0.4 -0.3
-192 97.4 76.901
0.8 -0.4 -0.3
-191.92 97.36 76.871
0.8 -0.4 -0.3
-191.84 97.32 76.841
0.8 -0.4 -0.3
-191.76 97.28 76.811
0.8 -0.4 -0.3
-191.68 97.24 76.781
0.8 -0.4 -0.3
-191.6 97.2 76.751
0.8 -0.4 -0.3
-191.52 97.16 76.721
0.8 -0.4 -0.3
-191.44 97.12 76.691
0.8 -0.4 -0.3
-191.36 97.08 76.661
0.8 -0.4 -0.3
-191.28 97.04 76.631
0.8 -0.4 -0.3
-191.2 97 76.601
0.8 -0.4 -0.3
-191.12 96.96 76.571
0.8 -0.4 -0.3
-191.04 96.92 76.541
0.8 -0.4 -0.3
-190.96 96.88 76.511
0.8 -0.4 -0.3
-190.88 96.84 76.481
0.8 -0.4 -0.3
-190.8 96.8 76.451
0.8 -0.4 -0.3
-190.72 96.76 76.421
0.8 -0.4 -0.3
-190.64 96.72 76.391
0.8 -0.4 -0.3
-190.56 96.68 76.361
0.8 -0.4 -0.3
-190.48 96.64 76.331
0.8 -0.4 -0.3
-190.4 96.6 76.301
0.8 -0.4 -0.3
-190.32 96.56 76.271
0.8 -0.4 -0.3
-190.24 96.52 76.241
0.8 -0.4 -0.3
-190.16 96.48 76.211
0.8 -0.4 -0.3
-190.08 96.44 76.181
0.8 -0.4 -0.3
-190 96.4 76.151
0.8 -0.4 -0.3
-189.92 96.36 76.121
0.8 -0.4 -0.3
-189.84 96.32 76.091
0.8 -0.4 -0.3
-189.76 96.28 76.061
0.8 -0.4 -0.3
-189.68 96.24 76.031
0.8 -0.4 -0.3
-189.6 96.2 76.001
0.8 -0.4 -0.3
-189.52 96.16 75.971
0.8 -0.4 -0.3
-189.44 96.12 75.941
0.8 -0.4 -0.3
-189.36 96.08 75.911
0.8 -0.4 -0.3
-189.28 96.04 75.881
0.8 -0.4 -0.3
-189.2 96 75.851
0.8 -0.4 -0.3
-189.12 95.96 75.821
0.8 -0.4 -0.3
-189.04 95.92 75.791
0.8 -0.4 -0.3
-188.96 95.88 75.761
0.8 -0.4 -0.3
-188.88 95.84 75.731
0.8 -0.4 -0.3
-188.8 95.799 75.701
0.8 -0.4 -0.3
-188.72 95.759 75.671
0.8 -0.4 -0.3
-188.64 95.719 75.641
0.8 -0.4 -0.3
-188.56 95.679 75.611
0.8 -0.4 -0.3
-188.48 95.639 75.581
0.8 -0.4 -0.3
-188.4 95.599 75.551
0.8 -0.4 -0.3
-188.32 95.559 75.521
0.8 -0.4 -0.3
-188.24 95.519 75.491
0.8 -0.4 -0.3
-188.16 95.479 75.461
0.8 -0.4 -0.3
-188.08 95.439 75.431
0.8 -0.4 -0.3
-188 95.399 75.401
0.8 -0.4 -0.3
-187.92 95.359 75.371
0.8 -0.4 -0.3
-187.84 95.319 75.341
0.8 -0.4 -0.3
-187.76 95.279 75.311
0.8 -0.4 -0.3
-187.68 95.239 75.281
0.8 -0.4 -0.3
-187.6 95.199 75.251
0.8 -0.4 -0.3
-187.52 95.159 75.221
0.8 -0.4 -0.3
-187.44 95.119 75.191
0.8 -0.4 -0.3
-187.36 95.079 75.161
0.8 -0.4 -0.3
-187.28 95.039 75.131
0.8 -0.4 -0.3
-187.2 94.999 75.101
0.8 -0.4 -0.3
-187.12 94.959 75.071
0.8 -0.4 -0.3
-187.04 94.919 75.041
0.8 -0.4 -0.3
-186.96 94.879 75.011
0.8 -0.4 -0.3
-186.88 94.839 74.981
0.8 -0.4 -0.3
-186.8 94.799 74.951
0.8 -0.4 -0.3
-186.72 94.759 74.921
0.8 -0.4 -0.3
-186.64 94.719 74.891
0.8 -0.4 -0.3
-186.56 94.679 74.861
0.8 -0.4 -0.3
-186.48 94.639 74.831
0.8 -0.4 -0.3
-186.4 94.599 74.801
0.8 -0.4 -0.3
-186.32 94.559 74.771
0.8 -0.4 -0.3
-186.24 94.519 74.741
0.8 -0.4 -0.3
-186.16 94.479 74.711
0.8 -0.4 -0.3
-186.08 94.439 74.681
0.8 -0.4 -0.3
-186 94.399 74.651
0.8 -0.4 -0.3
-185.92 94.359 74.621
0.8 -0.4 -0.3
-185.84 94.319 74.591
0.8 -0.4 -0.3
-185.76 94.279 74.561
0.8 -0.4 -0.3
-185.68 94.239 74.531
0.8 -0.4 -0.3
-185.6 94.199 74.501
0.8 -0.4 -0.3
-185.52 94.159 74.471
0.8 -0.4 -0.3
-185.44 94.119 74.441
0.8 -0.4 -0.3
-185.36 94.079 74.411
0.8 -0.4 -0.3
-185.28 94.039 74.381
0.8 -0.4 -0.3
-185.2 93.999 74.351
0.8 -0.4 -0.3
-185.12 93.959 74.321
0.8 -0.4 -0.3
-185.04 93.919 74.291
0.8 -0.4 -0.3
-184.96 93.879 74.261
0.8 -0.4 -0.3
-184.88 93.839 74.231
0.8 -0.4 -0.3
-184.8 93.799 74.201
0.8 -0.4 -0.3
-184.72 93.759 74.171
0.8 -0.4 -0.3
-184.64 93.719 74.141
0.8 -0.4 -0.3
-184.56 93.679 74.111
0.8 -0.4 -0.3
-184.48 93.639 74.081
0.8 -0.4 -0.3
-184.4 93.599 74.051
0.8 -0.4 -0.3
-184.32 93.559 74.021
0.8 -0.4 -0.3
-184.24 93.519 73.991
0.8 -0.4 -0.3
-184.16 93.479 73.961
0.8 -0.4 -0.3
-184.08 93.439 73.931
0.8 -0.4 -0.3
-184 93.399 73.901
0.8 -0.4 -0.3
-183.92 93.359 73.871
0.8 -0.4 -0.3
-183.84 93.319 73.841
0.8 -0.4 -0.3
-183.76 93.279 73.811
0.8 -0.4 -0.3
-183.68 93.239 73.781
0.8 -0.4 -0.3
-183.6 93.199 73.751
0.8 -0.4 -0.3
-183.52 93.159 73.721
0.8 -0.4 -0.3
-183.44 93.119 73.691
0.8 -0.4 -0.3
-183.36 93.079 73.661
0.8 -0.4 -0.3
-183.28 93.039 73.631
0.8 -0.4 -0.3
-183.2 92.999 73.601
0.8 -0.4 -0.3
-183.12 92.959 73.571
0.8 -0.4 -0.3
-183.04 92.919 73.541
0.8 -0.4 -0.3
-182.96 92.879 73.511
0.8 -0.4 -0.3
-182.88 92.839 73.481
0.8 -0.4 -0.3
-182.8 92.799 73.451
0.8 -0.4 -0.3
-182.72 92.759 73.421
0.8 -0.4 -0.3
-182.64 92.719 73.391
0.8 -0.4 -0.3
-182.56 92.679 73.361
0.8 -0.4 -0.3
-182.48 92.639 73.331
0.8 -0.4 -0.3
-182.4 92.599 73.301
0.8 -0.4 -0.3
-182.32 92.559 73.271
0.8 -0.4 -0.3
-182.24 92.519 73.241
0.8 -0.4 -0.3
-182.16 92.479 73.211
0.8 -0.4 -0.3
-182.08 92.439 73.181
0.8 -0.4 -0.3
-182 92.399 73.151
0.8 -0.4 -0.3
-181.92 92.359 73.121
0.8 -0.4 -0.3
-181.84 92.319 73.091
0.8 -0.4 -0.3
-181.76 92.279 73.061
0.8 -0.4 -0.3
-181.68 92.239 73.031
0.8 -0.4 -0.3
-181.6 92.199 73.001
0.8 -0.4 -0.3
-181.52 92.159 72.971
0.8 -0.4 -0.3
-181.44 92.119 72.941
0.8 -0.4 -0.3
-181.36 92.079 72.911
0.8 -0.4 -0.3
-181.28 92.039 72.881
0.8 -0.4 -0.3
-181.2 91.999 72.851
0.8 -0.4 -0.3
-181.12 91.959 72.821
0.8 -0.4 -0.3
-181.04 91.919 72.791
0.8 -0.4 -0.3
-180.96 91.879 72.761
0.8 -0.4 -0.3
-180.88 91.839 72.731
0.8 -0.4 -0.3
-180.8 91.799 72.701
0.8 -0.4 -0.3
-180.72 91.759 72.671
0.8 -0.4 -0.3
-180.64 91.719 72.641
0.8 -0.4 -0.3
-180.56 91.679 72.611
0.8 -0.4 -0.3
-180.48 91.639 72.581
0.8 -0.4 -0.3
-180.4 91.599 72.551
0.8 -0.4 -0.3
-180.32 91.559 72.521
0.8 -0.4 -0.3
-180.24 91.519 72.491
0.8 -0.4 -0.3
-180.16 91.479 72.461
0.8 -0.4 -0.3
-180.08 91.439 72.431
0.8 -0.4 -0.3
-180 91.399 72.401
0.8 -0.4 -0.3
-179.92 91.359 72.371
0.8 -0.4 -0.3
-179.84 91.319 72.341
0.8 -0.4 -0.3
-179.76 91.279 72.311
0.8 -0.4 -0.3
-179.68 91.239 72.281
0.8 -0.4 -0.3
-179.6 91.199 72.251
0.8 -0.4 -0.3
-179.52 91.159 72.221
0.8 -0.4 -0.3
-179.44 91.119 72.191
0.8 -0.4 -0.3
-179.36 91.079 72.161
0.8 -0.4 -0.3
-179.28 91.039 72.131
0.8 -0.4 -0.3
-179.2 90.999 72.101
0.8 -0.4 -0.3
-179.12 90.959 72.071
0.8 -0.4 -0.3
-179.04 90.919 72.041
0.8 -0.4 -0.3
-178.96 90.879 72.011
0.8 -0.4 -0.3
-178.88 90.839 71.981
0.8 -0.4 -0.3
-178.8 90.799 71.951
0.8 -0.4 -0.3
-178.72 90.759 71.921
0.8 -0.4 -0.3
-178.64 90.719 71.891
0.8 -0.4 -0.3
-178.56 90.679 71.861
0.8 -0.4 -0.3
-178.48 90.639 71.831
0.8 -0.4 -0.3
-178.4 90.599 71.801
0.8 -0.4 -0.3
-178.32 90.559 71.771
0.8 -0.4 -0.3
-178.24 90.519 71.741
0.8 -0.4 -0.3
-178.16 90.479 71.711
0.8 -0.4 -0.3
-178.08 90.439 71.681
0.8 -0.4 -0.3
-178 90.399 71.651
0.8 -0.4 -0.3
-177.92 90.359 71.621
0.8 -0.4 -0.3
-177.84 90.319 71.591
0.8 -0.4 -0.3
-177.76 90.279 71.561
0.8 -0.4 -0.3
-177.68 90.239 71.531
0.8 -0.4 -0.3
-177.6 90.199 71.501
0.8 -0.4 -0.3
-177.52 90.159 71.471
0.8 -0.4 -0.3
-177.44 90.119 71.441
0.8 -0.4 -0.3
-177.36 90.079 71.411
0.8 -0.4 -0.3
-177.28 90.039 71.381
0.8 -0.4 -0.3
-177.2 89.999 71.351
0.8 -0.4 -0.3
-177.12 89.959 71.321
0.8 -0.4 -0.3
-177.04 89.919 71.291
0.8 -0.4 -0.3
-176.96 89.879 71.261
0.8 -0.4 -0.3
-176.88 89.839 71.231
0.8 -0.4 -0.3
-176.8 89.799 71.201
0.8 -0.4 -0.3
-176.72 89.759 71.171
0.8 -0.4 -0.3
-176.64 89.719 71.141
0.8 -0.4 -0.3
-176.56 89.679 71.111
0.8 -0.4 -0.3
-176.48 89.639 71.081
0.8 -0.4 -0.3
-176.4 89.599 71.051
0.8 -0.4 -0.3
-176.32 89.559 71.021
0.8 -0.4 -0.3
-176.24 89.519 70.991
0.8 -0.4 -0.3
-176.16 89.479 70.961
0.8 -0.4 -0.3
-176.08 89.439 70.931
0.8 -0.4 -0.3
-176 89.399 70.901
0.8 -0.4 -0.3
-175.92 89.359 70.871
0.8 -0.4 -0.3
-175.84 89.319 70.841
0.8 -0.4 -0.3
-175.76 89.279 70.811
0.8 -0.4 -0.3
-175.68 89.239 70.781
0.8 -0.4 -0.3
-175.6 89.199 70.751
0.8 -0.4 -0.3
-175.52 89.159 70.721
0.8 -0.4 -0.3
-175.44 89.119 70.691
0.8 -0.4 -0.3
-175.36 89.079 70.661
0.8 -0.4 -0.3
-175.28 89.039 70.631
0.8 -0.4 -0.3
-175.2 88.999 70.601
0.8 -0.4 -0.3
-175.12 88.959 70.571
0.8 -0.4 -0.3
-175.04 88.919 70.541
0.8 -0.4 -0.3
-174.96 88.879 70.511
0.8 -0.4 -0.3
-174.88 88.839 70.481
0.8 -0.4 -0.3
-174.8 88.799 70.451
0.8 -0.4 -0.3
-174.72 88.759 70.421
0.8 -0.4 -0.3
-174.64 88.719 70.391
0.8 -0.4 -0.3
-174.56 88.679 70.361
0.8 -0.4 -0.3
-174.48 88.639 70.331
0.8 -0.4 -0.3
-174.4 88.599 70.301
0.8 -0.4 -0.3
-174.32 88.559 70.271
0.8 -0.4 -0.3
-174.24 88.519 70.241
0.8 -0.4 -0.3
-174.16 88.479 70.211
0.8 -0.4 -0.3
-174.08 88.439 70.181
0.8 -0.4 -0.3
-174 88.399 70.151
0.8 -0.4 -0.3
-173.92 88.359 70.121
0.8 -0.4 -0.3
-173.84 88.319 70.091
0.8 -0.4 -0.3
-173.76 88.279 70.061
0.8 -0.4 -0.3
-173.68 88.239 70.031
0.8 -0.4 -0.3
-173.6 88.199 70.001
0.8 -0.4 -0.3
-173.52 88.159 69.971
0.8 -0.4 -0.3
-173.44 88.119 69.941
0.8 -0.4 -0.3
-173.36 88.079 69.911
0.8 -0.4 -0.3
-173.28 88.039 69.881
0.8 -0.4 -0.3
-173.2 87.999 69.851
0.8 -0.4 -0.3
-173.12 87.959 69.821
0.8 -0.4 -0.3
-173.04 87.919 69.791
0.8 -0.4 -0.3
-172.96 87.879 69.761
0.8 -0.4 -0.3
-172.88 87.839 69.731
0.8 -0.4 -0.3
-172.8 87.799 69.701
0.8 -0.4 -0.3
-172.72 87.759 69.671
0.8 -0.4 -0.3
-172.64 87.719 69.641
0.8 -0.4 -0.3
-172.56 87.679 69.611
0.8 -0.4 -0.3
-172.48 87.639 69.581
0.8 -0.4 -0.3
-172.4 87.599 69.551
0.8 -0.4 -0.3
-172.32 87.559 69.521
0.8 -0.4 -0.3
-172.24 87.519 69.491
0.8 -0.4 -0.3
-172.16 87.479 69.461
0.8 -0.4 -0.3
-172.08 87.439 69.431
0.8 -0.4 -0.3
-172 87.399 69.401
0.8 -0.4 -0.3
-171.92 87.359 69.371
0.8 -0.4 -0.3
-171.84 87.319 69.341
0.8 -0.4 -0.3
-171.76 87.279 69.311
0.8 -0.4 -0.3
-171.68 87.239 69.281
0.8 -0.4 -0.3
-171.6 87.199 69.251
0.8 -0.4 -0.3
-171.52 87.159 69.221
0.8 -0.4 -0.3
-171.44 87.119 69.191
0.8 -0.4 -0.3
-171.36 87.079 69.161
0.8 -0.4 -0.3
-171.28 87.039 69.131
0.8 -0.4 -0.3
-171.2 86.999 69.101
0.8 -0.4 -0.3
-171.12 86.959 69.071
0.8 -0.4 -0.3
-171.04 86.919 69.041
0.8 -0.4 -0.3
-170.96 86.879 69.011
0.8 -0.4 -0.3
-170.88 86.839 68.981
0.8 -0.4 -0.3
-170.8 86.799 68.951
0.8 -0.4 -0.3
-170.72 86.759 68.921
0.8 -0.4 -0.3
-170.64 86.719 68.891
0.8 -0.4 -0.3
-170.56 86.679 68.861
0.8 -0.4 -0.3
-170.48 86.639 68.831
0.8 -0.4 -0.3
-170.4 86.599 68.801
0.8 -0.4 -0.3
-170.32 86.559 68.771
0.8 -0.4 -0.3
-170.24 86.519 68.741
0.8 -0.4 -0.3
-170.16 86.479 68.711
0.8 -0.4 -0.3
-170.08 86.439 68.681
0.8 -0.4 -0.3
-170 86.399 68.651
0.8 -0.4 -0.3
-169.92 86.359 68.621
0.8 -0.4 -0.3
-169.84 86.319 68.591
0.8 -0.4 -0.3
-169.76 86.279 68.561
0.8 -0.4 -0.3
-169.68 86.239 68.531
0.8 -0.4 -0.3
-169.6 86.199 68.501
0.8 -0.4 -0.3
-169.52 86.159 68.471
0.8 -0.4 -0.3
-169.44 86.119 68.441
0.8 -0.4 -0.3
-169.36 86.079 68.411
0.8 -0.4 -0.3
-169.28 86.039 68.381
0.8 -0.4 -0.3
-169.2 85.999 68.351
0.8 -0.4 -0.3
-169.12 85.959 68.321
0.8 -0.4 -0.3
-169.04 85.919 68.291
0.8 -0.4 -0.3
-168.96 85.879 68.261
0.8 -0.4 -0.3
-168.88 85.839 68.231
0.8 -0.4 -0.3
-168.8 85.799 68.201
0.8 -0.4 -0.3
-168.72 85.759 68.171
0.8 -0.4 -0.3
-168.64 85.719 68.141
0.8 -0.4 -0.3
-168.56 85.679 68.111
0.8 -0.4 -0.3
-168.48 85.639 68.081
0.8 -0.4 -0.3
-168.4 85.599 68.051
0.8 -0.4 -0.3
-168.32 85.559 68.021
0.8 -0.4 -0.3
-168.24 85.519 67.991
0.8 -0.4 -0.3
-168.16 85.479 67.961
0.8 -0.4 -0.3
-168.08 85.439 67.931
0.8 -0.4 -0.3
-168 85.399 67.901
0.8 -0.4 -0.3
-167.92 85.359 67.871
0.8 -0.4 -0.3
-167.84 85.319 67.841
0.8 -0.4 -0.3
-167.76 85.279 67.811
0.8 -0.4 -0.3
-167.68 85.239 67.781
0.8 -0.4 -0.3
-167.6 85.199 67.751
0.8 -0.4 -0.3
-167.52 85.159 67.721
0.8 -0.4 -0.3
-167.44 85.119 67.691
0.8 -0.4 -0.3
-167.36 85.079 67.661
0.8 -0.4 -0.3
-167.28 85.039 67.631
0.8 -0.4 -0.3
-167.2 84.999 67.601
0.8 -0.4 -0.3
-167.12 84.959 67.571
0.8 -0.4 -0.3
-167.04 84.919 67.541
0.8 -0.4 -0.3
-166.96 84.879 67.511
0.8 -0.4 -0.3
-166.88 84.839 67.481
0.8 -0.4 -0.3
-166.8 84.799 67.451
0.8 -0.4 -0.3
-166.72 84.759 67.421
0.8 -0.4 -0.3
-166.64 84.719 67.391
0.8 -0.4 -0.3
-166.56 84.679 67.361
0.8 -0.4 -0.3
-166.48 84.639 67.331
0.8 -0.4 -0.3
-166.4 84.599 67.301
0.8 -0.4 -0.3
-166.32 84.559 67.271
0.8 -0.4 -0.3
-166.24 84.519 67.241
0.8 -0.4 -0.3
-166.16 84.479 67.211
0.8 -0.4 -0.3
-166.08 84.439 67.181
0.8 -0.4 -0.3
-166 84.399 67.151
0.8 -0.4 -0.3
-165.92 84.359 67.121
0.8 -0.4 -0.3
-165.84 84.319 67.091
0.8 -0.4 -0.3
-165.76 84.279 67.061
0.8 -0.4 -0.3
-165.68 84.239 67.031
0.8 -0.4 -0.3
-165.6 84.199 67.001
0.8 -0.4 -0.3
-165.52 84.159 66.971
0.8 -0.4 -0.3
-165.44 84.119 66.941
0.8 -0.4 -0.3
-165.36 84.079 66.911
0.8 -0.4 -0.3
-165.28 84.039 66.881
0.8 -0.4 -0.3
-165.2 83.999 66.851
0.8 -0.4 -0.3
-165.12 83.959 66.821
0.8 -0.4 -0.3
-165.04 83.919 66.791
0.8 -0.4 -0.3
-164.96 83.879 66.761
0.8 -0.4 -0.3
-164.88 83.839 66.731
0.8 -0.4 -0.3
-164.8 83.799 66.701
0.8 -0.4 -0.3
-164.72 83.759 66.671
0.8 -0.4 -0.3
-164.64 83.719 66.641
0.8 -0.4 -0.3
-164.56 83.679 66.611
0.8 -0.4 -0.3
-164.48 83.639 66.581
0.8 -0.4 -0.3
-164.4 83.599 66.551
0.8 -0.4 -0.3
-164.32 83.559 66.521
0.8 -0.4 -0.3
-164.24 83.519 66.491
0.8 -0.4 -0.3
-164.16 83.479 66.461
0.8 -0.4 -0.3
-164.08 83.439 66.431
0.8 -0.4 -0.3
-164 83.399 66.401
0.8 -0.4 -0.3
-163.92 83.359 66.371
0.8 -0.4 -0.3
-163.84 83.319 66.341
0.8 -0.4 -0.3
-163.76 83.279 66.311
0.8 -0.4 -0.3
-163.68 83.239 66.281
0.8 -0.4 -0.3
-163.6 83.199 66.251
0.8 -0.4 -0.3
-163.52 83.159 66.221
0.8 -0.4 -0.3
-163.44 83.119 66.191
0.8 -0.4 -0.3
-163.36 83.079 66.161
0.8 -0.4 -0.3
-163.28 83.039 66.131
0.8 -0.4 -0.3
-163.2 82.999 66.101
0.8 -0.4 -0.3
-163.12 82.959 66.071
0.8 -0.4 -0.3
-163.04 82.919 66.041
0.8 -0.4 -0.3
-162.96 82.879 66.011
0.8 -0.4 -0.3
-162.88 82.839 65.981
0.8 -0.4 -0.3
-162.8 82.799 65.951
0.8 -0.4 -0.3
-162.72 82.759 65.921
0.8 -0.4 -0.3
-162.64 82.719 65.891
0.8 -0.4 -0.3
-162.56 82.679 65.861
0.8 -0.4 -0.3
-162.48 82.639 65.831
0.8 -0.4 -0.3
-162.4 82.599 65.801
0.8 -0.4 -0.3
-162.32 82.559 65.771
0.8 -0.4 -0.3
-162.24 82.519 65.741
0.8 -0.4 -0.3
-162.16 82.479 65.711
0.8 -0.4 -0.3
-162.08 82.439 65.681
0.8 -0.4 -0.3
-162 82.399 65.651
0.8 -0.4 -0.3
-161.92 82.359 65.621
0.8 -0.4 -0.3
-161.84 82.319 65.591
0.8 -0.4 -0.3
-161.76 82.279 65.561
0.8 -0.4 -0.3
-161.68 82.239 65.531
0.8 -0.4 -0.3
-161.6 82.199 65.501
0.8 -0.4 -0.3
-161.52 82.159 65.471
0.8 -0.4 -0.3
-161.44 82.119 65.441
0.8 -0.4 -0.3
-161.36 82.079 65.411
0.8 -0.4 -0.3
-161.28 82.039 65.381
0.8 -0.4 -0.3
-161.2 81.999 65.351
0.8 -0.4 -0.3
-161.12 81.959 65.321
0.8 -0.4 -0.3
-161.04 81.919 65.291
0.8 -0.4 -0.3
-160.96 81.879 65.261
0.8 -0.4 -0.3
-160.88 81.839 65.231
0.8 -0.4 -0.3
-160.8 81.799 65.201
0.8 -0.4 -0.3
-160.72 81.759 65.171
0.8 -0.4 -0.3
-160.64 81.719 65.141
0.8 -0.4 -0.3
-160.56 81.679 65.111
0.8 -0.4 -0.3
-160.48 81.639 65.081
0.8 -0.4 -0.3
-160.4 81.599 65.051
0.8 -0.4 -0.3
-160.32 81.559 65.021
0.8 -0.4 -0.3
-160.24 81.519 64.991
0.8 -0.4 -0.3
-160.16 81.479 64.961
0.8 -0.4 -0.3
-160.08 81.439 64.931
0.8 -0.4 -0.3
-160 81.399 64.901
0.8 -0.4 -0.3
-159.92 81.359 64.871
0.8 -0.4 -0.3
-159.84 81.319 64.841
0.8 -0.4 -0.3
-159.76 81.279 64.811
0.8 -0.4 -0.3
-159.68 81.239 64.781
0.8 -0.4 -0.3
-159.6 81.199 64.751
0.8 -0.4 -0.3
-159.52 81.159 64.721
0.8 -0.4 -0.3
-159.44 81.119 64.691
0.8 -0.4 -0.3
-159.36 81.079 64.661
0.8 -0.4 -0.3
-159.28 81.039 64.631
0.8 -0.4 -0.3
-159.2 80.999 64.601
0.8 -0.4 -0.3
-159.12 80.959 64.571
0.8 -0.4 -0.3
-159.04 80.919 64.541
0.8 -0.4 -0.3
-158.96 80.879 64.511
0.8 -0.4 -0.3
-158.88 80.839 64.481
0.8 -0.4 -0.3
-158.8 80.799 64.451
0.8 -0.4 -0.3
-158.72 80.759 64.421
0.8 -0.4 -0.3
-158.64 80.719 64.391
0.8 -0.4 -0.3
-158.56 80.679 64.361
0.8 -0.4 -0.3
-158.48 80.639 64.331
0.8 -0.4 -0.3
-158.4 80.599 64.301
0.8 -0.4 -0.3
-158.32 80.559 64.271
0.8 -0.4 -0.3
-158.24 80.519 64.241
0.8 -0.4 -0.3
-158.16 80.479 64.211
0.8 -0.4 -0.3
-158.08 80.439 64.181
0.8 -0.4 -0.3
-158 80.399 64.151
0.8 -0.4 -0.3
-157.92 80.359 64.121
0.8 -0.4 -0.3
-157.84 80.319 64.091
0.8 -0.4 -0.3
-157.76 80.279 64.061
0.8 -0.4 -0.3
-157.68 80.239 64.031
0.8 -0.4 -0.3
-157.6 80.199 64.001
0.8 -0.4 -0.3
-157.52 80.159 63.971
0.8 -0.4 -0.3
-157.44 80.119 63.941
0.8 -0.4 -0.3
-157.36 80.079 63.911
0.8 -0.4 -0.3
-157.28 80.039 63.881
0.8 -0.4 -0.3
-157.2 79.999 63.851
0.8 -0.4 -0.3
-157.12 79.959 63.821
0.8 -0.4 -0.3
-157.04 79.919 63.791
0.8 -0.4 -0.3
-156.96 79.879 63.761
0.8 -0.4 -0.3
-156.88 79.839 63.731
0.8 -0.4 -0.3
-156.8 79.799 63.701
0.8 -0.4 -0.3
-156.72 79.759 63.671
0.8 -0.4 -0.3
-156.64 79.719 63.641
0.8 -0.4 -0.3
-156.56 79.679 63.611
0.8 -0.4 -0.3
-156.48 79.639 63.581
0.8 -0.4 -0.3
-156.4 79.599 63.551
0.8 -0.4 -0.3
-156.32 79.559 63.521
0.8 -0.4 -0.3
-156.24 79.519 63.491
0.8 -0.4 -0.3
-156.16 79.479 63.461
0.8 -0.4 -0.3
-156.08 79.439 63.431
0.8 -0.4 -0.3
-156 79.399 63.401
0.8 -0.4 -0.3
-155.92 79.359 63.371
0.8 -0.4 -0.3
-155.84 79.319 63.341
0.8 -0.4 -0.3
-155.76 79.279 63.311
0.8 -0.4 -0.3
-155.68 79.239 63.281
0.8 -0.4 -0.3
-155.6 79.199 63.251
0.8 -0.4 -0.3
-155.52 79.159 63.221
0.8 -0.4 -0.3
-155.44 79.119 63.191
0.8 -0.4 -0.3
-155.36 79.079 63.161
0.8 -0.4 -0.3
-155.28 79.039 63.131
0.8 -0.4 -0.3
-155.2 78.999 63.101
0.8 -0.4 -0.3
-155.12 78.959 63.071
0.8 -0.4 -0.3
-155.04 78.919 63.041
0.8 -0.4 -0.3
-154.96 78.879 63.011
0.8 -0.4 -0.3
-154.88 78.839 62.981
0.8 -0.4 -0.3
-154.8 78.799 62.951
0.8 -0.4 -0.3
-154.72 78.759 62.921
0.8 -0.4 -0.3
-154.64 78.719 62.891
0.8 -0.4 -0.3
-154.56 78.679 62.861
0.8 -0.4 -0.3
-154.48 78.639 62.831
0.8 -0.4 -0.3
-154.4 78.599 62.801
0.8 -0.4 -0.3
-154.32 78.559 62.771
0.8 -0.4 -0.3
-154.24 78.519 62.741
0.8 -0.4 -0.3
-154.16 78.479 62.711
0.8 -0.4 -0.3
-154.08 78.439 62.681
0.8 -0.4 -0.3
-154 78.399 62.651
0.8 -0.4 -0.3
-153.92 78.359 62.621
0.8 -0.4 -0.3
-153.84 78.319 62.591
0.8 -0.4 -0.3
-153.76 78.279 62.561
0.8 -0.4 -0.3
-153.68 78.239 62.531
0.8 -0.4 -0.3
-153.6 78.199 62.501
0.8 -0.4 -0.3
-153.52 78.159 62.471
0.8 -0.4 -0.3
-153.44 78.119 62.441
0.8 -0.4 -0.3
-153.36 78.079 62.411
0.8 -0.4 -0.3
-153.28 78.039 62.381
0.8 -0.4 -0.3
-153.2 77.999 62.351
0.8 -0.4 -0.3
-153.12 77.959 62.321
0.8 -0.4 -0.3
-153.04 77.919 62.291
0.8 -0.4 -0.3
-152.96 77.879 62.261
0.8 -0.4 -0.3
-152.88 77.839 62.231
0.8 -0.4 -0.3
-152.8 77.799 62.201
0.8 -0.4 -0.3
-152.72 77.759 62.171
0.8 -0.4 -0.3
-152.64 77.719 62.141
0.8 -0.4 -0.3
-152.56 77.679 62.111
0.8 -0.4 -0.3
-152.48 77.639 62.081
0.8 -0.4 -0.3
-152.4 77.599 62.051
0.8 -0.4 -0.3
-152.32 77.559 62.021
0.8 -0.4 -0.3
-152.24 77.519 61.991
0.8 -0.4 -0.3
-152.16 77.479 61.961
0.8 -0.4 -0.3
-152.08 77.439 61.931
0.8 -0.4 -0.3
-152 77.399 61.901
0.8 -0.4 -0.3
-151.92 77.359 61.871
0.8 -0.4 -0.3
-151.84 77.319 61.841
0.8 -0.4 -0.3
-151.76 77.279 61.811
0.8 -0.4 -0.3
-151.68 77.239 61.781
0.8 -0.4 -0.3
-151.6 77.199 61.751
0.8 -0.4 -0.3
-151.52 77.159 61.721
0.8 -0.4 -0.3
-151.44 77.119 61.691
0.8 -0.4 -0.3
-151.36 77.079 61.661
0.8 -0.4 -0.3
-151.28 77.039 61.631
0.8 -0.4 -0.3
-151.2 76.999 61.601
0.8 -0.4 -0.3
-151.12 76.959 61.571
0.8 -0.4 -0.3
-151.04 76.919 61.541
0.8 -0.4 -0.3
-150.96 76.879 61.511
0.8 -0.4 -0.3
-150.88 76.839 61.481
0.8 -0.4 -0.3
-150.8 76.799 61.451
0.8 -0.4 -0.3
-150.72 76.759 61.421
0.8 -0.4 -0.3
-150.64 76.719 61.391
0.8 -0.4 -0.3
-150.56 76.679 61.361
0.8 -0.4 -0.3
-150.48 76.639 61.331
0.8 -0.4 -0.3
-150.4 76.599 61.301
0.8 -0.4 -0.3
-150.32 76.559 61.271
0.8 -0.4 -0.3
-150.24 76.519 61.241
0.8 -0.4 -0.3
-150.16 76.479 61.211
0.8 -0.4 -0.3
-150.08 76.439 61.181
0.8 -0.4 -0.3
-150 76.399 61.151
0.8 -0.4 -0.3
-149.92 76.359 61.121
0.8 -0.4 -0.3
-149.84 76.319 61.091
0.8 -0.4 -0.3
-149.76 76.279 61.061
0.8 -0.4 -0.3
-149.68 76.239 61.031
0.8 -0.4 -0.3
-149.6 76.199 61.001
0.8 -0.4 -0.3
-149.52 76.159 60.971
0.8 -0.4 -0.3
-149.44 76.119 60.941
0.8 -0.4 -0.3
-149.36 76.079 60.911
0.8 -0.4 -0.3
-149.28 76.039 60.881
0.8 -0.4 -0.3
-149.2 75.999 60.851
0.8 -0.4 -0.3
-149.12 75.959 60.821
0.8 -0.4 -0.3
-149.04 75.919 60.791
0.8 -0.4 -0.3
-148.96 75.879 60.761
0.8 -0.4 -0.3
-148.88 75.839 60.731
0.8 -0.4 -0.3
-148.8 75.799 60.701
0.8 -0.4 -0.3
-148.72 75.759 60.671
0.8 -0.4 -0.3
-148.64 75.719 60.641
0.8 -0.4 -0.3
-148.56 75.679 60.611
0.8 -0.4 -0.3
-148.48 75.639 60.581
0.8 -0.4 -0.3
-148.4 75.599 60.551
0.8 -0.4 -0.3
-148.32 75.559 60.521
0.8 -0.4 -0.3
-148.24 75.519 60.491
0.8 -0.4 -0.3
-148.16 75.479 60.461
0.8 -0.4 -0.3
-148.08 75.439 60.431
0.8 -0.4 -0.3
-148 75.399 60.401
0.8 -0.4 -0.3
-147.92 75.359 60.371
0.8 -0.4 -0.3
-147.84 75.319 60.341
0.8 -0.4 -0.3
-147.76 75.279 60.311
0.8 -0.4 -0.3
-147.68 75.239 60.281
0.8 -0.4 -0.3
-147.6 75.199 60.251
0.8 -0.4 -0.3
-147.52 75.159 60.221
0.8 -0.4 -0.3
-147.44 75.119 60.191
0.8 -0.4 -0.3
-147.36 75.079 60.161
0.8 -0.4 -0.3
-147.28 75.039 60.131
0.8 -0.4 -0.3
-147.2 74.999 60.101
0.8 -0.4 -0.3
-147.12 74.959 60.071
0.8 -0.4 -0.3
-147.04 74.919 60.041
0.8 -0.4 -0.3
-146.96 74.879 60.011
0.8 -0.4 -0.3
-146.88 74.839 59.981
0.8 -0.4 -0.3
-146.8 74.799 59.951
0.8 -0.4 -0.3
-146.72 74.759 59.921
0.8 -0.4 -0.3
-146.64 74.719 59.891
0.8 -0.4 -0.3
-146.56 74.679 59.861
0.8 -0.4 -0.3
-146.48 74.639 59.831
0.8 -0.4 -0.3
-146.4 74.599 59.801
0.8 -0.4 -0.3
-146.32 74.559 59.771
0.8 -0.4 -0.3
-146.24 74.519 59.741
0.8 -0.4 -0.3
-146.16 74.479 59.711
0.8 -0.4 -0.3
-146.08 74.439 59.681
0.8 -0.4 -0.3
-146 74.399 59.651
0.8 -0.4 -0.3
-145.92 74.359 59.621
0.8 -0.4 -0.3
-145.84 74.319 59.591
0.8 -0.4 -0.3
-145.76 74.279 59.561
0.8 -0.4 -0.3
-145.68 74.239 59.531
0.8 -0.4 -0.3
-145.6 74.199 59.501
0.8 -0.4 -0.3
-145.52 74.159 59.471
0.8 -0.4 -0.3
-145.44 74.119 59.441
0.8 -0.4 -0.3
-145.36 74.079 59.411
0.8 -0.4 -0.3
-145.28 74.039 59.381
0.8 -0.4 -0.3
-145.2 73.999 59.351
0.8 -0.4 -0.3
-145.12 73.959 59.321
0.8 -0.4 -0.3
-145.04 73.919 59.291
0.8 -0.4 -0.3
-144.96 73.879 59.261
0.8 -0.4 -0.3
-144.88 73.839 59.231
0.8 -0.4 -0.3
-144.8 73.799 59.201
0.8 -0.4 -0.3
-144.72 73.759 59.171
0.8 -0.4 -0.3
-144.64 73.719 59.141
0.8 -0.4 -0.3
-144.56 73.679 59.111
0.8 -0.4 -0.3
-144.48 73.639 59.081
0.8 -0.4 -0.3
-144.4 73.599 59.051
0.8 -0.4 -0.3
-144.32 73.559 59.021
0.8 -0.4 -0.3
-144.24 73.519 58.991
0.8 -0.4 -0.3
-144.16 73.479 58.961
0.8 -0.4 -0.3
-144.08 73.439 58.931
0.8 -0.4 -0.3
-144 73.399 58.901
0.8 -0.4 -0.3
-143.92 73.359 58.871
0.8 -0.4 -0.3
-143.84 73.319 58.841
0.8 -0.4 -0.3
-143.76 73.279 58.811
0.8 -0.4 -0.3
-143.68 73.239 58.781
0.8 -0.4 -0.3
-143.6 73.199 58.751
0.8 -0.4 -0.3
-143.52 73.159 58.721
0.8 -0.4 -0.3
-143.44 73.119 58.691
0.8 -0.4 -0.3
-143.36 73.079 58.661
0.8 -0.4 -0.3
-143.28 73.039 58.631
0.8 -0.4 -0.3
-143.2 72.999 58.601
0.8 -0.4 -0.3
-143.12 72.959 58.571
0.8 -0.4 -0.3
-143.04 72.919 58.541
0.8 -0.4 -0.3
-142.96 72.879 58.511
0.8 -0.4 -0.3
-142.88 72.839 58.481
0.8 -0.4 -0.3
-142.8 72.799 58.451
0.8 -0.4 -0.3
-142.72 72.759 58.421
0.8 -0.4 -0.3
-142.64 72.719 58.391
0.8 -0.4 -0.3
-142.56 72.679 58.361
0.8 -0.4 -0.3
-142.48 72.639 58.331
0.8 -0.4 -0.3
-142.4 72.599 58.301
0.8 -0.4 -0.3
-142.32 72.559 58.271
0.8 -0.4 -0.3
-142.24 72.519 58.241
0.8 -0.4 -0.3
-142.16 72.479 58.211
0.8 -0.4 -0.3
-142.08 72.439 58.181
0.8 -0.4 -0.3
-142 72.399 58.151
0.8 -0.4 -0.3
-141.92 72.359 58.121
0.8 -0.4 -0.3
-141.84 72.319 58.091
0.8 -0.4 -0.3
-141.76 72.279 58.061
0.8 -0.4 -0.3
-141.68 72.239 58.031
0.8 -0.4 -0.3
-141.6 72.199 58.001
0.8 -0.4 -0.3
-141.52 72.159 57.971
0.8 -0.4 -0.3
-141.44 72.119 57.941
0.8 -0.4 -0.3
-141.36 72.079 57.911
0.8 -0.4 -0.3
-141.28 72.039 57.881
0.8 -0.4 -0.3
-141.2 71.999 57.851
0.8 -0.4 -0.3
-141.12 71.959 57.821
0.8 -0.4 -0.3
-141.04 71.919 57.791
0.8 -0.4 -0.3
-140.96 71.879 57.761
0.8 -0.4 -0.3
-140.88 71.839 57.731
0.8 -0.4 -0.3
-140.8 71.799 57.701
0.8 -0.4 -0.3
-140.72 71.759 57.671
0.8 -0.4 -0.3
-140.64 71.719 57.641
0.8 -0.4 -0.3
-140.56 71.679 57.611
0.8 -0.4 -0.3
-140.48 71.639 57.581
0.8 -0.4 -0.3
-140.4 71.599 57.551
0.8 -0.4 -0.3
-140.32 71.559 57.521
0.8 -0.4 -0.3
-140.24 71.519 57.491
0.8 -0.4 -0.3
-140.16 71.479 57.461
0.8 -0.4 -0.3
-140.08 71.439 57.431
0.8 -0.4 -0.3
-140 71.399 57.401
0.8 -0.4 -0.3
-139.92 71.359 57.371
0.8 -0.4 -0.3
-139.84 71.319 57.341
0.8 -0.4 -0.3
-139.76 71.279 57.311
0.8 -0.4 -0.3
-139.68 71.239 57.281
0.8 -0.4 -0.3
-139.6 71.199 57.251
0.8 -0.4 -0.3
-139.52 71.159 57.221
0.8 -0.4 -0.3
-139.44 71.119 57.191
0.8 -0.4 -0.3
-139.36 71.079 57.161
0.8 -0.4 -0.3
-139.28 71.039 57.131
0.8 -0.4 -0.3
-139.2 70.999 57.101
0.8 -0.4 -0.3
-139.12 70.959 57.071
0.8 -0.4 -0.3
-139.04 70.919 57.041
0.8 -0.4 -0.3
-138.96 70.879 57.011
0.8 -0.4 -0.3
-138.88 70.839 56.981
0.8 -0.4 -0.3
-138.8 70.799 56.951
0.8 -0.4 -0.3
-138.72 70.759 56.921
0.8 -0.4 -0.3
-138.64 70.719 56.891
0.8 -0.4 -0.3
-138.56 70.679 56.861
0.8 -0.4 -0.3
-138.48 70.639 56.831
0.8 -0.4 -0.3
-138.4 70.599 56.801
0.8 -0.4 -0.3
-138.32 70.559 56.771
0.8 -0.4 -0.3
-138.24 70.519 56.741
0.8 -0.4 -0.3
-138.16 70.479 56.711
0.8 -0.4 -0.3
-138.08 70.439 56.681
0.8 -0.4 -0.3
-138 70.399 56.651
0.8 -0.4 -0.3
-137.92 70.359 56.621
0.8 -0.4 -0.3
-137.84 70.319 56.591
0.8 -0.4 -0.3
-137.76 70.279 56.561
0.8 -0.4 -0.3
-137.68 70.239 56.531
0.8 -0.4 -0.3
-137.6 70.199 56.501
0.8 -0.4 -0.3
-137.52 70.159 56.471
0.8 -0.4 -0.3
-137.44 70.119 56.441
0.8 -0.4 -0.3
-137.36 70.079 56.411
0.8 -0.4 -0.3
-137.28 70.039 56.381
0.8 -0.4 -0.3
-137.2 69.999 56.351
0.8 -0.4 -0.3
-137.12 69.959 56.321
0.8 -0.4 -0.3
-137.04 69.919 56.291
0.8 -0.4 -0.3
-136.96 69.879 56.261
0.8 -0.4 -0.3
-136.88 69.839 56.231
0.8 -0.4 -0.3
-136.8 69.799 56.201
0.8 -0.4 -0.3
-136.72 69.759 56.171
0.8 -0.4 -0.3
-136.64 69.719 56.141
0.8 -0.4 -0.3
-136.56 69.679 56.111
0.8 -0.4 -0.3
-136.48 69.639 56.081
0.8 -0.4 -0.3
-136.4 69.599 56.051
0.8 -0.4 -0.3
-136.32 69.559 56.021
0.8 -0.4 -0.3
-136.24 69.519 55.991
0.8 -0.4 -0.3
-136.16 69.479 55.961
0.8 -0.4 -0.3
-136.08 69.439 55.931
0.8 -0.4 -0.3
-136 69.399 55.901
0.8 -0.4 -0.3
-135.92 69.359 55.871
0.8 -0.4 -0.3
-135.84 69.319 55.841
0.8 -0.4 -0.3
-135.76 69.279 55.811
0.8 -0.4 -0.3
-135.68 69.239 55.781
0.8 -0.4 -0.3
-135.6 69.199 55.751
0.8 -0.4 -0.3
-135.52 69.159 55.721
0.8 -0.4 -0.3
-135.44 69.119 55.691
0.8 -0.4 -0.3
-135.36 69.079 55.661
0.8 -0.4 -0.3
-135.28 69.039 55.631
0.8 -0.4 -0.3
-135.2 68.999 55.601
0.8 -0.4 -0.3
-135.12 68.959 55.571
0.8 -0.4 -0.3
-135.04 68.919 55.541
0.8 -0.4 -0.3
-134.96 68.879 55.511
0.8 -0.4 -0.3
-134.88 68.839 55.481
0.8 -0.4 -0.3
-134.8 68.799 55.451
0.8 -0.4 -0.3
-134.72 68.759 55.421
0.8 -0.4 -0.3
-134.64 68.719 55.391
0.8 -0.4 -0.3
-134.56 68.679 55.361
0.8 -0.4 -0.3
-134.48 68.639 55.331
0.8 -0.4 -0.3
-134.4 68.599 55.301
0.8 -0.4 -0.3
-134.32 68.559 55.271
0.8 -0.4 -0.3
-134.24 68.519 55.242
0.8 -0.4 -0.3
-134.16 68.479 55.212
0.8 -0.4 -0.3
-134.08 68.439 55.182
0.8 -0.4 -0.3
-134 68.399 55.152
0.8 -0.4 -0.3
-133.92 68.359 55.122
0.8 -0.4 -0.3
-133.84 68.319 55.092
0.8 -0.4 -0.3
-133.76 68.279 55.062
0.8 -0.4 -0.3
-133.68 68.239 55.032
0.8 -0.4 -0.3
-133.6 68.199 55.002
0.8 -0.4 -0.3
-133.52 68.159 54.972
0.8 -0.4 -0.3
-133.44 68.119 54.942
0.8 -0.4 -0.3
-133.36 68.079 54.912
0.8 -0.4 -0.3
-133.28 68.039 54.882
0.8 -0.4 -0.3
-133.2 67.999 54.852
0.8 -0.4 -0.3
-133.12 67.959 54.822
0.8 -0.4 -0.3
-133.04 67.919 54.792
0.8 -0.4 -0.3
-132.96 67.879 54.762
0.8 -0.4 -0.3
-132.88 67.839 54.732
0.8 -0.4 -0.3
-132.8 67.799 54.702
0.8 -0.4 -0.3
-132.72 67.759 54.672
0.8 -0.4 -0.3
-132.64 67.719 54.642
0.8 -0.4 -0.3
-132.56 67.679 54.612
0.8 -0.4 -0.3
-132.48 67.639 54.582
0.8 -0.4 -0.3
-132.4 67.599 54.552
0.8 -0.4 -0.3
-132.32 67.559 54.522
0.8 -0.4 -0.3
-132.24 67.519 54.492
0.8 -0.4 -0.3
-132.16 67.479 54.462
0.8 -0.4 -0.3
-132.08 67.439 54.432
0.8 -0.4 -0.3
-132 67.399 54.402
0.8 -0.4 -0.3
-131.92 67.359 54.372
0.8 -0.4 -0.3
-131.84 67.319 54.342
0.8 -0.4 -0.3
-131.76 67.279 54.312
0.8 -0.4 -0.3
-131.68 67.239 54.282
0.8 -0.4 -0.3
-131.6 67.199 54.252
0.8 -0.4 -0.3
-131.52 67.159 54.222
0.8 -0.4 -0.3
-131.44 67.119 54.192
0.8 -0.4 -0.3
-131.36 67.079 54.162
0.8 -0.4 -0.3
-131.28 67.039 54.132
0.8 -0.4 -0.3
-131.2 66.999 54.102
0.8 -0.4 -0.3
-131.12 66.959 54.072
0.8 -0.4 -0.3
-131.04 66.919 54.042
0.8 -0.4 -0.3
-130.96 66.879 54.012
0.8 -0.4 -0.3
-130.88 66.839 53.982
0.8 -0.4 -0.3
-130.8 66.799 53.952
0.8 -0.4 -0.3
-130.72 66.759 53.922
0.8 -0.4 -0.3
-130.64 66.719 53.892
0.8 -0.4 -0.3
-130.56 66.679 53.862
0.8 -0.4 -0.3
-130.48 66.639 53.832
0.8 -0.4 -0.3
-130.4 66.599 53.802
0.8 -0.4 -0.3
-130.32 66.559 53.772
0.8 -0.4 -0.3
-130.24 66.519 53.742
0.8 -0.4 -0.3
-130.16 66.479 53.712
0.8 -0.4 -0.3
-130.08 66.439 53.682
0.8 -0.4 -0.3
-130 66.399 53.652
0.8 -0.4 -0.3
-129.92 66.359 53.622
0.8 -0.4 -0.3
-129.84 66.319 53.592
0.8 -0.4 -0.3
-129.76 66.279 53.562
0.8 -0.4 -0.3
-129.68 66.239 53.532
0.8 -0.4 -0.3
-129.6 66.199 53.502
0.8 -0.4 -0.3
-129.52 66.159 53.472
0.8 -0.4 -0.3
-129.44 66.119 53.442
0.8 -0.4 -0.3
-129.36 66.079 53.412
0.8 -0.4 -0.3
-129.28 66.039 53.382
0.8 -0.4 -0.3
-129.2 65.999 53.352
0.8 -0.4 -0.3
-129.12 65.959 53.322
0.8 -0.4 -0.3
-129.04 65.919 53.292
0.8 -0.4 -0.3
-128.96 65.879 53.262
0.8 -0.4 -0.3
-128.88 65.839 53.232
0.8 -0.4 -0.3
-128.8 65.799 53.202
0.8 -0.4 -0.3
-128.72 65.759 53.172
0.8 -0.4 -0.3
-128.64 65.719 53.142
0.8 -0.4 -0.3
-128.56 65.679 53.112
0.8 -0.4 -0.3
-128.48 65.639 53.082
0.8 -0.4 -0.3
-128.4 65.599 53.052
0.8 -0.4 -0.3
-128.32 65.559 53.022
0.8 -0.4 -0.3
-128.24 65.519 52.992
0.8 -0.4 -0.3
-128.16 65.479 52.962
0.8 -0.4 -0.3
-128.08 65.439 52.932
0.8 -0.4 -0.3
-128 65.399 52.902
0.8 -0.4 -0.3
-127.92 65.359 52.872
0.8 -0.4 -0.3
-127.84 65.319 52.842
0.8 -0.4 -0.3
-127.76 65.279 52.812
0.8 -0.4 -0.3
-127.68 65.239 52.782
0.8 -0.4 -0.3
-127.6 65.199 52.752
0.8 -0.4 -0.3
-127.52 65.159 52.722
0.8 -0.4 -0.3
-127.44 65.119 52.692
0.8 -0.4 -0.3
-127.36 65.079 52.662
0.8 -0.4 -0.3
-127.28 65.039 52.632
0.8 -0.4 -0.3
-127.2 64.999 52.602
0.8 -0.4 -0.3
-127.12 64.959 52.572
0.8 -0.4 -0.3
-127.04 64.919 52.542
0.8 -0.4 -0.3
-126.96 64.879 52.512
0.8 -0.4 -0.3
-126.88 64.839 52.482
0.8 -0.4 -0.3
-126.8 64.799 52.452
0.8 -0.4 -0.3
-126.72 64.759 52.422
0.8 -0.4 -0.3
-126.64 64.719 52.392
0.8 -0.4 -0.3
-126.56 64.679 52.362
0.8 -0.4 -0.3
-126.48 64.639 52.332
0.8 -0.4 -0.3
-126.4 64.599 52.302
0.8 -0.4 -0.3
-126.32 64.559 52.272
0.8 -0.4 -0.3
-126.24 64.519 52.242
0.8 -0.4 -0.3
-126.16 64.479 52.212
0.8 -0.4 -0.3
-126.08 64.439 52.182
0.8 -0.4 -0.3
-126 64.399 52.152
0.8 -0.4 -0.3
-125.92 64.359 52.122
0.8 -0.4 -0.3
-125.84 64.319 52.092
0.8 -0.4 -0.3
-125.76 64.279 52.062
0.8 -0.4 -0.3
-125.68 64.239 52.032
0.8 -0.4 -0.3
-125.6 64.199 52.002
0.8 -0.4 -0.3
-125.52 64.159 51.972
0.8 -0.4 -0.3
-125.44 64.119 51.942
0.8 -0.4 -0.3
-125.36 64.079 51.912
0.8 -0.4 -0.3
-125.28 64.039 51.882
0.8 -0.4 -0.3
-125.2 63.999 51.852
0.8 -0.4 -0.3
-125.12 63.959 51.822
0.8 -0.4 -0.3
-125.04 63.919 51.792
0.8 -0.4 -0.3
-124.96 63.879 51.762
0.8 -0.4 -0.3
-124.88 63.839 51.732
0.8 -0.4 -0.3
-124.8 63.799 51.702
0.8 -0.4 -0.3
-124.72 63.759 51.672
0.8 -0.4 -0.3
-124.64 63.719 51.642
0.8 -0.4 -0.3
-124.56 63.679 51.612
0.8 -0.4 -0.3
-124.48 63.639 51.582
0.8 -0.4 -0.3
-124.4 63.599 51.552
0.8 -0.4 -0.3
-124.32 63.559 51.522
0.8 -0.4 -0.3
-124.24 63.519 51.492
0.8 -0.4 -0.3
-124.16 63.479 51.462
0.8 -0.4 -0.3
-124.08 63.439 51.432
0.8 -0.4 -0.3
-124 63.399 51.402
0.8 -0.4 -0.3
-123.92 63.359 51.372
0.8 -0.4 -0.3
-123.84 63.319 51.342
0.8 -0.4 -0.3
-123.76 63.279 51.312
0.8 -0.4 -0.3
-123.68 63.239 51.282
0.8 -0.4 -0.3
-123.6 63.199 51.252
0.8 -0.4 -0.3
-123.52 63.159 51.222
0.8 -0.4 -0.3
-123.44 63.119 51.192
0.8 -0.4 -0.3
-123.36 63.079 51.162
0.8 -0.4 -0.3
-123.28 63.039 51.132
0.8 -0.4 -0.3
-123.2 62.999 51.102
0.8 -0.4 -0.3
-123.12 62.959 51.072
0.8 -0.4 -0.3
-123.04 62.919 51.042
0.8 -0.4 -0.3
-122.96 62.879 51.012
0.8 -0.4 -0.3
-122.88 62.839 50.982
0.8 -0.4 -0.3
-122.8 62.799 50.952
0.8 -0.4 -0.3
-122.72 62.759 50.922
0.8 -0.4 -0.3
-122.64 62.719 50.892
0.8 -0.4 -0.3
-122.56 62.679 50.862
0.8 -0.4 -0.3
-122.48 62.639 50.832
0.8 -0.4 -0.3
-122.4 62.599 50.802
0.8 -0.4 -0.3
-122.32 62.559 50.772
0.8 -0.4 -0.3
-122.24 62.519 50.742
0.8 -0.4 -0.3
-122.16 62.479 50.712
0.8 -0.4 -0.3
-122.08 62.439 50.682
0.8 -0.4 -0.3
-122 62.399 50.652
0.8 -0.4 -0.3
-121.92 62.359 50.622
0.8 -0.4 -0.3
-121.84 62.319 50.592
0.8 -0.4 -0.3
-121.76 62.279 50.562
0.8 -0.4 -0.3
-121.68 62.239 50.532
0.8 -0.4 -0.3
-121.6 62.199 50.502
0.8 -0.4 -0.3
-121.52 62.159 50.472
0.8 -0.4 -0.3
-121.44 62.119 50.442
0.8 -0.4 -0.3
-121.36 62.079 50.412
0.8 -0.4 -0.3
-121.28 62.039 50.382
0.8 -0.4 -0.3
-121.2 61.999 50.352
0.8 -0.4 -0.3
-121.12 61.959 50.322
0.8 -0.4 -0.3
-121.04 61.919 50.292
0.8 -0.4 -0.3
-120.96 61.879 50.262
0.8 -0.4 -0.3
-120.88 61.839 50.232
0.8 -0.4 -0.3
-120.8 61.799 50.202
0.8 -0.4 -0.3
-120.72 61.759 50.172
0.8 -0.4 -0.3
-120.64 61.719 50.142
0.8 -0.4 -0.3
-120.56 61.679 50.112
0.8 -0.4 -0.3
-120.48 61.639 50.082
0.8 -0.4 -0.3
-120.4 61.599 50.052
0.8 -0.4 -0.3
-120.32 61.559 50.022
0.8 -0.4 -0.3
-120.24 61.519 49.992
0.8 -0.4 -0.3
-120.16 61.479 49.962
0.8 -0.4 -0.3
-120.08 61.439 49.932
0.8 -0.4 -0.3
-120 61.399 49.902
0.8 -0.4 -0.3
-119.92 61.359 49.872
0.8 -0.4 -0.3
-119.84 61.319 49.842
0.8 -0.4 -0.3
-119.76 61.279 49.812
0.8 -0.4 -0.3
-119.68 61.239 49.782
0.8 -0.4 -0.3
-119.6 61.199 49.752
0.8 -0.4 -0.3
-119.52 61.159 49.722
0.8 -0.4 -0.3
-119.44 61.119 49.692
0.8 -0.4 -0.3
-119.36 61.079 49.662
0.8 -0.4 -0.3
-119.28 61.039 49.632
0.8 -0.4 -0.3
-119.2 60.999 49.602
0.8 -0.4 -0.3
-119.12 60.959 49.572
0.8 -0.4 -0.3
-119.04 60.919 49.542
0.8 -0.4 -0.3
-118.96 60.879 49.512
0.8 -0.4 -0.3
-118.88 60.839 49.482
0.8 -0.4 -0.3
-118.8 60.799 49.452
0.8 -0.4 -0.3
-118.72 60.759 49.422
0.8 -0.4 -0.3
-118.64 60.719 49.392
0.8 -0.4 -0.3
-118.56 60.679 49.362
0.8 -0.4 -0.3
-118.48 60.639 49.332
0.8 -0.4 -0.3
-118.4 60.599 49.302
0.8 -0.4 -0.3
-118.32 60.559 49.272
0.8 -0.4 -0.3
-118.24 60.519 49.242
0.8 -0.4 -0.3
-118.16 60.479 49.212
0.8 -0.4 -0.3
-118.08 60.439 49.182
0.8 -0.4 -0.3
-118 60.399 49.152
0.8 -0.4 -0.3
-117.92 60.359 49.122
0.8 -0.4 -0.3
-117.84 60.319 49.092
0.8 -0.4 -0.3
-117.76 60.279 49.062
0.8 -0.4 -0.3
-117.68 60.239 49.032
0.8 -0.4 -0.3
-117.6 60.199 49.002
0.8 -0.4 -0.3
-117.52 60.159 48.972
0.8 -0.4 -0.3
-117.44 60.119 48.942
0.8 -0.4 -0.3
-117.36 60.079 48.912
0.8 -0.4 -0.3
-117.28 60.039 48.882
0.8 -0.4 -0.3
-117.2 59.999 48.852
0.8 -0.4 -0.3
-117.12 59.959 48.822
0.8 -0.4 -0.3
-117.04 59.919 48.792
0.8 -0.4 -0.3
-116.96 59.879 48.762
0.8 -0.4 -0.3
-116.88 59.839 48.732
0.8 -0.4 -0.3
-116.8 59.799 48.702
0.8 -0.4 -0.3
-116.72 59.759 48.672
0.8 -0.4 -0.3
-116.64 59.719 48.642
0.8 -0.4 -0.3
-116.56 59.679 48.612
0.8 -0.4 -0.3
-116.48 59.639 48.582
0.8 -0.4 -0.3
-116.4 59.599 48.552
0.8 -0.4 -0.3
-116.32 59.559 48.522
0.8 -0.4 -0.3
-116.24 59.519 48.492
0.8 -0.4 -0.3
-116.16 59.479 48.462
0.8 -0.4 -0.3
-116.08 59.439 48.432
0.8 -0.4 -0.3
-116 59.399 48.402
0.8 -0.4 -0.3
-115.92 59.359 48.372
0.8 -0.4 -0.3
-115.84 59.319 48.342
0.8 -0.4 -0.3
-115.76 59.279 48.312
0.8 -0.4 -0.3
-115.68 59.239 48.282
0.8 -0.4 -0.3
-115.6 59.199 48.252
0.8 -0.4 -0.3
-115.52 59.159 48.222
0.8 -0.4 -0.3
-115.44 59.119 48.192
0.8 -0.4 -0.3
-115.36 59.079 48.162
0.8 -0.4 -0.3
-115.28 59.039 48.132
0.8 -0.4 -0.3
-115.2 58.999 48.102
0.8 -0.4 -0.3
-115.12 58.959 48.072
0.8 -0.4 -0.3
-115.04 58.919 48.042
0.8 -0.4 -0.3
-114.96 58.879 48.012
0.8 -0.4 -0.3
-114.88 58.839 47.982
0.8 -0.4 -0.3
-114.8 58.799 47.952
0.8 -0.4 -0.3
-114.72 58.759 47.922
0.8 -0.4 -0.3
-114.64 58.719 47.892
0.8 -0.4 -0.3
-114.56 58.679 47.862
0.8 -0.4 -0.3
-114.48 58.639 47.832
0.8 -0.4 -0.3
-114.4 58.599 47.802
0.8 -0.4 -0.3
-114.32 58.559 47.772
0.8 -0.4 -0.3
-114.24 58.519 47.742
0.8 -0.4 -0.3
-114.16 58.479 47.712
0.8 -0.4 -0.3
-114.08 58.439 47.682
0.8 -0.4 -0.3
-114 58.399 47.652
0.8 -0.4 -0.3
-113.92 58.359 47.622
0.8 -0.4 -0.3
-113.84 58.319 47.592
0.8 -0.4 -0.3
-113.76 58.279 47.562
0.8 -0.4 -0.3
-113.68 58.239 47.532
0.8 -0.4 -0.3
-113.6 58.199 47.502
0.8 -0.4 -0.3
-113.52 58.159 47.472
0.8 -0.4 -0.3
-113.44 58.119 47.442
0.8 -0.4 -0.3
-113.36 58.079 47.412
0.8 -0.4 -0.3
-113.28 58.039 47.382
0.8 -0.4 -0.3
-113.2 57.999 47.352
0.8 -0.4 -0.3
-113.12 57.959 47.322
0.8 -0.4 -0.3
-113.04 57.919 47.292
0.8 -0.4 -0.3
-112.96 57.879 47.262
0.8 -0.4 -0.3
-112.88 57.839 47.232
0.8 -0.4 -0.3
-112.8 57.799 47.202
0.8 -0.4 -0.3
-112.72 57.759 47.172
0.8 -0.4 -0.3
-112.64 57.719 47.142
0.8 -0.4 -0.3
-112.56 57.679 47.112
0.8 -0.4 -0.3
-112.48 57.639 47.082
0.8 -0.4 -0.3
-112.4 57.599 47.052
0.8 -0.4 -0.3
-112.32 57.559 47.022
0.8 -0.4 -0.3
-112.24 57.519 46.992
0.8 -0.4 -0.3
-112.16 57.479 46.962
0.8 -0.4 -0.3
-112.08 57.439 46.932
0.8 -0.4 -0.3
-112 57.399 46.902
0.8 -0.4 -0.3
-111.92 57.359 46.872
0.8 -0.4 -0.3
-111.84 57.319 46.842
0.8 -0.4 -0.3
-111.76 57.279 46.812
0.8 -0.4 -0.3
-111.68 57.239 46.782
0.8 -0.4 -0.3
-111.6 57.199 46.752
0.8 -0.4 -0.3
-111.52 57.159 46.722
0.8 -0.4 -0.3
-111.44 57.119 46.692
0.8 -0.4 -0.3
-111.36 57.079 46.662
0.8 -0.4 -0.3
-111.28 57.039 46.632
0.8 -0.4 -0.3
-111.2 56.999 46.602
0.8 -0.4 -0.3
-111.12 56.959 46.572
0.8 -0.4 -0.3
-111.04 56.919 46.542
0.8 -0.4 -0.3
-110.96 56.879 46.512
0.8 -0.4 -0.3
-110.88 56.839 46.482
0.8 -0.4 -0.3
-110.8 56.799 46.452
0.8 -0.4 -0.3
-110.72 56.759 46.422
0.8 -0.4 -0.3
-110.64 56.719 46.392
0.8 -0.4 -0.3
-110.56 56.679 46.362
0.8 -0.4 -0.3
-110.48 56.639 46.332
0.8 -0.4 -0.3
-110.4 56.599 46.302
0.8 -0.4 -0.3
-110.32 56.559 46.272
0.8 -0.4 -0.3
-110.24 56.519 46.242
0.8 -0.4 -0.3
-110.16 56.479 46.212
0.8 -0.4 -0.3
-110.08 56.439 46.182
0.8 -0.4 -0.3
-110 56.399 46.152
0.8 -0.4 -0.3
-109.92 56.359 46.122
0.8 -0.4 -0.3
-109.84 56.319 46.092
0.8 -0.4 -0.3
-109.76 56.279 46.062
0.8 -0.4 -0.3
-109.68 56.239 46.032
0.8 -0.4 -0.3
-109.6 56.199 46.002
0.8 -0.4 -0.3
-109.52 56.159 45.972
0.8 -0.4 -0.3
-109.44 56.119 45.942
0.8 -0.4 -0.3
-109.36 56.079 45.912
0.8 -0.4 -0.3
-109.28 56.039 45.882
0.8 -0.4 -0.3
-109.2 55.999 45.852
0.8 -0.4 -0.3
-109.12 55.959 45.822
0.8 -0.4 -0.3
-109.04 55.919 45.792
0.8 -0.4 -0.3
-108.96 55.879 45.762
0.8 -0.4 -0.3
-108.88 55.839 45.732
0.8 -0.4 -0.3
-108.8 55.799 45.702
0.8 -0.4 -0.3
-108.72 55.759 45.672
0.8 -0.4 -0.3
-108.64 55.719 45.642
0.8 -0.4 -0.3
-108.56 55.679 45.612
0.8 -0.4 -0.3
-108.48 55.639 45.582
0.8 -0.4 -0.3
-108.4 55.599 45.552
0.8 -0.4 -0.3
-108.32 55.559 45.522
0.8 -0.4 -0.3
-108.24 55.519 45.492
0.8 -0.4 -0.3
-108.16 55.479 45.462
0.8 -0.4 -0.3
-108.08 55.439 45.432
0.8 -0.4 -0.3
-108 55.399 45.402
0.8 -0.4 -0.3
-107.92 55.359 45.372
0.8 -0.4 -0.3
-107.84 55.319 45.342
0.8 -0.4 -0.3
-107.76 55.279 45.312
0.8 -0.4 -0.3
-107.68 55.239 45.282
0.8 -0.4 -0.3
-107.6 55.199 45.252
0.8 -0.4 -0.3
-107.52 55.159 45.222
0.8 -0.4 -0.3
-107.44 55.119 45.192
0.8 -0.4 -0.3
-107.36 55.079 45.162
0.8 -0.4 -0.3
-107.28 55.039 45.132
0.8 -0.4 -0.3
-107.2 54.999 45.102
0.8 -0.4 -0.3
-107.12 54.959 45.072
0.8 -0.4 -0.3
-107.04 54.919 45.042
0.8 -0.4 -0.3
-106.96 54.879 45.012
0.8 -0.4 -0.3
-106.88 54.839 44.982
0.8 -0.4 -0.3
-106.8 54.799 44.952
0.8 -0.4 -0.3
-106.72 54.759 44.922
0.8 -0.4 -0.3
-106.64 54.719 44.892
0.8 -0.4 -0.3
-106.56 54.679 44.862
0.8 -0.4 -0.3
-106.48 54.639 44.832
0.8 -0.4 -0.3
-106.4 54.599 44.802
0.8 -0.4 -0.3
-106.32 54.559 44.772
0.8 -0.4 -0.3
-106.24 54.519 44.742
0.8 -0.4 -0.3
-106.16 54.479 44.712
0.8 -0.4 -0.3
-106.08 54.439 44.682
0.8 -0.4 -0.3
-106 54.399 44.652
0.8 -0.4 -0.3
-105.92 54.359 44.622
0.8 -0.4 -0.3
-105.84 54.319 44.592
0.8 -0.4 -0.3
-105.76 54.279 44.562
0.8 -0.4 -0.3
-105.68 54.239 44.532
0.8 -0.4 -0.3
-105.6 54.199 44.502
0.8 -0.4 -0.3
-105.52 54.159 44.472
0.8 -0.4 -0.3
-105.44 54.119 44.442
0.8 -0.4 -0.3
-105.36 54.079 44.412
0.8 -0.4 -0.3
-105.28 54.039 44.382
0.8 -0.4 -0.3
-105.2 53.999 44.352
0.8 -0.4 -0.3
-105.12 53.959 44.322
0.8 -0.4 -0.3
-105.04 53.919 44.292
0.8 -0.4 -0.3
-104.96 53.879 44.262
0.8 -0.4 -0.3
-104.88 53.839 44.232
0.8 -0.4 -0.3
-104.8 53.799 44.202
0.8 -0.4 -0.3
-104.72 53.759 44.172
0.8 -0.4 -0.3
-104.64 53.719 44.142
0.8 -0.4 -0.3
-104.56 53.679 44.112
0.8 -0.4 -0.3
-104.48 53.639 44.082
0.8 -0.4 -0.3
-104.4 53.599 44.052
0.8 -0.4 -0.3
-104.32 53.559 44.022
0.8 -0.4 -0.3
-104.24 53.519 43.992
0.8 -0.4 -0.3
-104.16 53.479 43.962
0.8 -0.4 -0.3
-104.08 53.439 43.932
0.8 -0.4 -0.3
-104 53.399 43.902
0.8 -0.4 -0.3
-103.92 53.359 43.872
0.8 -0.4 -0.3
-103.84 53.319 43.842
0.8 -0.4 -0.3
-103.76 53.279 43.812
0.8 -0.4 -0.3
-103.68 53.239 43.782
0.8 -0.4 -0.3
-103.6 53.199 43.752
0.8 -0.4 -0.3
-103.52 53.159 43.722
0.8 -0.4 -0.3
-103.44 53.119 43.692
0.8 -0.4 -0.3
-103.36 53.079 43.662
0.8 -0.4 -0.3
-103.28 53.039 43.632
0.8 -0.4 -0.3
-103.2 52.999 43.602
0.8 -0.4 -0.3
-103.12 52.959 43.572
0.8 -0.4 -0.3
-103.04 52.919 43.542
0.8 -0.4 -0.3
-102.96 52.879 43.512
0.8 -0.4 -0.3
-102.88 52.839 43.482
0.8 -0.4 -0.3
-102.8 52.799 43.452
0.8 -0.4 -0.3
-102.72 52.759 43.422
0.8 -0.4 -0.3
-102.64 52.719 43.392
0.8 -0.4 -0.3
-102.56 52.679 43.362
0.8 -0.4 -0.3
-102.48 52.639 43.332
0.8 -0.4 -0.3
-102.4 52.599 43.302
0.8 -0.4 -0.3
-102.32 52.559 43.272
0.8 -0.4 -0.3
-102.24 52.519 43.242
0.8 -0.4 -0.3
-102.16 52.479 43.212
0.8 -0.4 -0.3
-102.08 52.439 43.182
0.8 -0.4 -0.3
-102 52.399 43.152
0.8 -0.4 -0.3
-101.92 52.359 43.122
0.8 -0.4 -0.3
-101.84 52.319 43.092
0.8 -0.4 -0.3
-101.76 52.279 43.062
0.8 -0.4 -0.3
-101.68 52.239 43.032
0.8 -0.4 -0.3
-101.6 52.199 43.002
0.8 -0.4 -0.3
-101.52 52.159 42.972
0.8 -0.4 -0.3
-101.44 52.118 42.942
0.8 -0.4 -0.3
-101.36 52.078 42.912
0.8 -0.4 -0.3
-101.28 52.038 42.882
0.8 -0.4 -0.3
-101.2 51.998 42.852
0.8 -0.4 -0.3
-101.12 51.958 42.822
0.8 -0.4 -0.3
-101.04 51.918 42.792
0.8 -0.4 -0.3
-100.96 51.878 42.762
0.8 -0.4 -0.3
-100.88 51.838 42.732
0.8 -0.4 -0.3
-100.8 51.798 42.702
0.8 -0.4 -0.3
-100.72 51.758 42.672
0.8 -0.4 -0.3
-100.64 51.718 42.642
0.8 -0.4 -0.3
-100.56 51.678 42.612
0.8 -0.4 -0.3
-100.48 51.638 42.582
0.8 -0.4 -0.3
-100.4 51.598 42.552
0.8 -0.4 -0.3
-100.32 51.558 42.522
0.8 -0.4 -0.3
-100.24 51.518 42.492
0.8 -0.4 -0.3
-100.16 51.478 42.462
0.8 -0.4 -0.3
-100.08 51.438 42.432
0.8 -0.4 -0.3
-99.997 51.398 42.402
0.8 -0.4 -0.3
-99.917 51.358 42.372
0.8 -0.4 -0.3
-99.837 51.318 42.342
0.8 -0.4 -0.3
-99.757 51.278 42.312
0.8 -0.4 -0.3
-99.677 51.238 42.282
0.8 -0.4 -0.3
-99.597 51.198 42.252
0.8 -0.4 -0.3
-99.517 51.158 42.222
0.8 -0.4 -0.3
-99.437 51.118 42.192
0.8 -0.4 -0.3
-99.357 51.078 42.162
0.8 -0.4 -0.3
-99.277 51.038 42.132
0.8 -0.4 -0.3
-99.197 50.998 42.102
0.8 -0.4 -0.3
-99.117 50.958 42.072
0.8 -0.4 -0.3
-99.037 50.918 42.042
0.8 -0.4 -0.3
-98.957 50.878 42.012
0.8 -0.4 -0.3
-98.877 50.838 41.982
0.8 -0.4 -0.3
-98.797 50.798 41.952
0.8 -0.4 -0.3
-98.717 50.758 41.922
0.8 -0.4 -0.3
-98.637 50.718 41.892
0.8 -0.4 -0.3
-98.557 50.678 41.862
0.8 -0.4 -0.3
-98.477 50.638 41.832
0.8 -0.4 -0.3
-98.397 50.598 41.802
0.8 -0.4 -0.3
-98.317 50.558 41.772
0.8 -0.4 -0.3
-98.237 50.518 41.742
0.8 -0.4 -0.3
-98.157 50.478 41.712
0.8 -0.4 -0.3
-98.077 50.438 41.682
0.8 -0.4 -0.3
-97.997 50.398 41.652
0.8 -0.4 -0.3
-97.917 50.358 41.622
0.8 -0.4 -0.3
-97.837 50.318 41.592
0.8 -0.4 -0.3
-97.757 50.278 41.562
0.8 -0.4 -0.3
-97.677 50.238 41.532
0.8 -0.4 -0.3
-97.597 50.198 41.502
0.8 -0.4 -0.3
-97.517 50.158 41.472
0.8 -0.4 -0.3
-97.437 50.118 41.442
0.8 -0.4 -0.3
-97.357 50.078 41.412
0.8 -0.4 -0.3
-97.277 50.038 41.382
0.8 -0.4 -0.3
-97.197 49.998 41.352
0.8 -0.4 -0.3
-97.117 49.958 41.322
0.8 -0.4 -0.3
-97.037 49.918 41.292
0.8 -0.4 -0.3
-96.957 49.878 41.262
0.8 -0.4 -0.3
-96.877 49.838 41.232
0.8 -0.4 -0.3
-96.797 49.798 41.202
0.8 -0.4 -0.3
-96.717 49.758 41.172
0.8 -0.4 -0.3
-96.637 49.718 41.142
0.8 -0.4 -0.3
-96.557 49.678 41.112
0.8 -0.4 -0.3
-96.477 49.638 41.082
0.8 -0.4 -0.3
-96.397 49.598 41.052
0.8 -0.4 -0.3
-96.317 49.558 41.022
0.8 -0.4 -0.3
-96.237 49.518 40.992
0.8 -0.4 -0.3
-96.157 49.478 40.962
0.8 -0.4 -0.3
-96.077 49.438 40.932
0.8 -0.4 -0.3
-95.997 49.398 40.902
0.8 -0.4 -0.3
-95.917 49.358 40.872
0.8 -0.4 -0.3
-95.837 49.318 40.842
0.8 -0.4 -0.3
-95.757 49.278 40.812
0.8 -0.4 -0.3
-95.677 49.238 40.782
0.8 -0.4 -0.3
-95.597 49.198 40.752
0.8 -0.4 -0.3
-95.517 49.158 40.722
0.8 -0.4 -0.3
-95.437 49.118 40.692
0.8 -0.4 -0.3
-95.357 49.078 40.662
0.8 -0.4 -0.3
-95.277 49.038 40.632
0.8 -0.4 -0.3
-95.197 48.998 40.602
0.8 -0.4 -0.3
-95.117 48.958 40.572
0.8 -0.4 -0.3
-95.037 48.918 40.542
0.8 -0.4 -0.3
-94.957 48.878 40.512
0.8 -0.4 -0.3
-94.877 48.838 40.482
0.8 -0.4 -0.3
-94.797 48.798 40.452
0.8 -0.4 -0.3
-94.717 48.758 40.422
0.8 -0.4 -0.3
-94.637 48.718 40.392
0.8 -0.4 -0.3
-94.557 48.678 40.362
0.8 -0.4 -0.3
-94.477 48.638 40.332
0.8 -0.4 -0.3
-94.397 48.598 40.302
0.8 -0.4 -0.3
-94.317 48.558 40.272
0.8 -0.4 -0.3
-94.237 48.518 40.242
0.8 -0.4 -0.3
-94.157 48.478 40.212
0.8 -0.4 -0.3
-94.077 48.438 40.182
0.8 -0.4 -0.3
-93.997 48.398 40.152
0.8 -0.4 -0.3
-93.917 48.358 40.122
0.8 -0.4 -0.3
-93.837 48.318 40.092
0.8 -0.4 -0.3
-93.757 48.278 40.062
0.8 -0.4 -0.3
-93.677 48.238 40.032
0.8 -0.4 -0.3
-93.597 48.198 40.002
0.8 -0.4 -0.3
-93.517 48.158 39.972
0.8 -0.4 -0.3
-93.437 48.118 39.942
0.8 -0.4 -0.3
-93.357 48.078 39.912
0.8 -0.4 -0.3
-93.277 48.038 39.882
0.8 -0.4 -0.3
-93.197 47.998 39.852
0.8 -0.4 -0.3
-93.117 47.958 39.822
0.8 -0.4 -0.3
-93.037 47.918 39.792
0.8 -0.4 -0.3
-92.957 47.878 39.762
0.8 -0.4 -0.3
-92.877 47.838 39.732
0.8 -0.4 -0.3
-92.797 47.798 39.702
0.8 -0.4 -0.3
-92.717 47.758 39.672
0.8 -0.4 -0.3
-92.637 47.718 39.642
0.8 -0.4 -0.3
-92.557 47.678 39.612
0.8 -0.4 -0.3
-92.477 47.638 39.582
0.8 -0.4 -0.3
-92.397 47.598 39.552
0.8 -0.4 -0.3
-92.317 47.558 39.522
0.8 -0.4 -0.3
-92.237 47.518 39.492
0.8 -0.4 -0.3
-92.157 47.478 39.462
0.8 -0.4 -0.3
-92.077 47.438 39.432
0.8 -0.4 -0.3
-91.997 47.398 39.402
0.8 -0.4 -0.3
-91.917 47.358 39.372
0.8 -0.4 -0.3
-91.837 47.318 39.342
0.8 -0.4 -0.3
-91.757 47.278 39.312
0.8 -0.4 -0.3
-91.677 47.238 39.282
0.8 -0.4 -0.3
-91.597 47.198 39.252
0.8 -0.4 -0.3
-91.517 47.158 39.222
0.8 -0.4 -0.3
-91.437 47.118 39.192
0.8 -0.4 -0.3
-91.357 47.078 39.162
0.8 -0.4 -0.3
-91.277 47.038 39.132
0.8 -0.4 -0.3
-91.197 46.998 39.102
0.8 -0.4 -0.3
-91.117 46.958 39.072
0.8 -0.4 -0.3
-91.037 46.918 39.042
0.8 -0.4 -0.3
-90.957 46.878 39.012
0.8 -0.4 -0.3
-90.877 46.838 38.982
0.8 -0.4 -0.3
-90.797 46.798 38.952
0.8 -0.4 -0.3
-90.717 46.758 38.922
0.8 -0.4 -0.3
-90.637 46.718 38.892
0.8 -0.4 -0.3
-90.557 46.678 38.862
0.8 -0.4 -0.3
-90.477 46.638 38.832
0.8 -0.4 -0.3
-90.397 46.598 38.802
0.8 -0.4 -0.3
-90.317 46.558 38.772
0.8 -0.4 -0.3
-90.237 46.518 38.742
0.8 -0.4 -0.3
-90.157 46.478 38.712
0.8 -0.4 -0.3
-90.077 46.438 38.682
0.8 -0.4 -0.3
-89.997 46.398 38.652
0.8 -0.4 -0.3
-89.917 46.358 38.622
0.8 -0.4 -0.3
-89.837 46.318 38.592
0.8 -0.4 -0.3
-89.757 46.278 38.562
0.8 -0.4 -0.3
-89.677 46.238 38.532
0.8 -0.4 -0.3
-89.597 46.198 38.502
0.8 -0.4 -0.3
-89.517 46.158 38.472
0.8 -0.4 -0.3
-89.437 46.118 38.442
0.8 -0.4 -0.3
-89.357 46.078 38.412
0.8 -0.4 -0.3
-89.277 46.038 38.382
0.8 -0.4 -0.3
-89.197 45.998 38.352
0.8 -0.4 -0.3
-89.117 45.958 38.322
0.8 -0.4 -0.3
-89.037 45.918 38.292
0.8 -0.4 -0.3
-88.957 45.878 38.262
0.8 -0.4 -0.3
-88.877 45.838 38.232
0.8 -0.4 -0.3
-88.797 45.798 38.202
0.8 -0.4 -0.3
-88.717 45.758 38.172
0.8 -0.4 -0.3
-88.637 45.718 38.142
0.8 -0.4 -0.3
-88.557 45.678 38.112
0.8 -0.4 -0.3
-88.477 45.638 38.082
0.8 -0.4 -0.3
-88.397 45.598 38.052
0.8 -0.4 -0.3
-88.317 45.558 38.022
0.8 -0.4 -0.3
-88.237 45.518 37.992
0.8 -0.4 -0.3
-88.157 45.478 37.962
0.8 -0.4 -0.3
-88.077 45.438 37.932
0.8 -0.4 -0.3
-87.997 45.398 37.902
0.8 -0.4 -0.3
-87.917 45.358 37.872
0.8 -0.4 -0.3
-87.837 45.318 37.842
0.8 -0.4 -0.3
-87.757 45.278 37.812
0.8 -0.4 -0.3
-87.677 45.238 37.782
0.8 -0.4 -0.3
-87.597 45.198 37.752
0.8 -0.4 -0.3
-87.517 45.158 37.722
0.8 -0.4 -0.3
-87.437 45.118 37.692
0.8 -0.4 -0.3
-87.357 45.078 37.662
0.8 -0.4 -0.3
-87.277 45.038 37.632
0.8 -0.4 -0.3
-87.197 44.998 37.602
0.8 -0.4 -0.3
-87.117 44.958 37.572
0.8 -0.4 -0.3
-87.037 44.918 37.542
0.8 -0.4 -0.3
-86.957 44.878 37.512
0.8 -0.4 -0.3
-86.877 44.838 37.482
0.8 -0.4 -0.3
-86.797 44.798 37.452
0.8 -0.4 -0.3
-86.717 44.758 37.422
0.8 -0.4 -0.3
-86.637 44.718 37.392
0.8 -0.4 -0.3
-86.557 44.678 37.362
0.8 -0.4 -0.3
-86.477 44.638 37.332
0.8 -0.4 -0.3
-86.397 44.598 37.302
0.8 -0.4 -0.3
-86.317 44.558 37.272
0.8 -0.4 -0.3
-86.237 44.518 37.242
0.8 -0.4 -0.3
-86.157 44.478 37.212
0.8 -0.4 -0.3
-86.077 44.438 37.182
0.8 -0.4 -0.3
-85.997 44.398 37.152
0.8 -0.4 -0.3
-85.917 44.358 37.122
0.8 -0.4 -0.3
-85.837 44.318 37.092
0.8 -0.4 -0.3
-85.757 44.278 37.062
0.8 -0.4 -0.3
-85.677 44.238 37.032
0.8 -0.4 -0.3
-85.597 44.198 37.002
0.8 -0.4 -0.3
-85.517 44.158 36.972
0.8 -0.4 -0.3
-85.437 44.118 36.942
0.8 -0.4 -0.3
-85.357 44.078 36.912
0.8 -0.4 -0.3
-85.277 44.038 36.882
0.8 -0.4 -0.3
-85.197 43.998 36.852
0.8 -0.4 -0.3
-85.117 43.958 36.822
0.8 -0.4 -0.3
-85.037 43.918 36.792
0.8 -0.4 -0.3
-84.957 43.878 36.762
0.8 -0.4 -0.3
-84.877 43.838 36.732
0.8 -0.4 -0.3
-84.797 43.798 36.702
0.8 -0.4 -0.3
-84.717 43.758 36.672
0.8 -0.4 -0.3
-84.637 43.718 36.642
0.8 -0.4 -0.3
-84.557 43.678 36.612
0.8 -0.4 -0.3
-84.477 43.638 36.582
0.8 -0.4 -0.3
-84.397 43.598 36.552
0.8 -0.4 -0.3
-84.317 43.558 36.522
0.8 -0.4 -0.3
-84.237 43.518 36.492
0.8 -0.4 -0.3
-84.157 43.478 36.462
0.8 -0.4 -0.3
-84.077 43.438 36.432
0.8 -0.4 -0.3
-83.997 43.398 36.402
0.8 -0.4 -0.3
-83.917 43.358 36.372
0.8 -0.4 -0.3
-83.837 43.318 36.342
0.8 -0.4 -0.3
-83.757 43.278 36.312
0.8 -0.4 -0.3
-83.677 43.238 36.282
0.8 -0.4 -0.3
-83.597 43.198 36.252
0.8 -0.4 -0.3
-83.517 43.158 36.222
0.8 -0.4 -0.3
-83.437 43.118 36.192
0.8 -0.4 -0.3
-83.357 43.078 36.162
0.8 -0.4 -0.3
-83.277 43.038 36.132
0.8 -0.4 -0.3
-83.197 42.998 36.102
0.8 -0.4 -0.3
-83.117 42.958 36.072
0.8 -0.4 -0.3
-83.037 42.918 36.042
0.8 -0.4 -0.3
-82.957 42.878 36.012
0.8 -0.4 -0.3
-82.877 42.838 35.982
0.8 -0.4 -0.3
-82.797 42.798 35.952
0.8 -0.4 -0.3
-82.717 42.758 35.922
0.8 -0.4 -0.3
-82.637 42.718 35.892
0.8 -0.4 -0.3
-82.557 42.678 35.862
0.8 -0.4 -0.3
-82.477 42.638 35.832
0.8 -0.4 -0.3
-82.397 42.598 35.802
0.8 -0.4 -0.3
-82.317 42.558 35.772
0.8 -0.4 -0.3
-82.237 42.518 35.742
0.8 -0.4 -0.3
-82.157 42.478 35.712
0.8 -0.4 -0.3
-82.077 42.438 35.682
0.8 -0.4 -0.3
-81.997 42.398 35.652
0.8 -0.4 -0.3
-81.917 42.358 35.622
0.8 -0.4 -0.3
-81.837 42.318 35.592
0.8 -0.4 -0.3
-81.757 42.278 35.562
0.8 -0.4 -0.3
-81.677 42.238 35.532
0.8 -0.4 -0.3
-81.597 42.198 35.502
0.8 -0.4 -0.3
-81.517 42.158 35.472
0.8 -0.4 -0.3
-81.437 42.118 35.442
0.8 -0.4 -0.3
-81.357 42.078 35.412
0.8 -0.4 -0.3
-81.277 42.038 35.382
0.8 -0.4 -0.3
-81.197 41.998 35.352
0.8 -0.4 -0.3
-81.117 41.958 35.322
0.8 -0.4 -0.3
-81.037 41.918 35.292
0.8 -0.4 -0.3
-80.957 41.878 35.262
0.8 -0.4 -0.3
-80.877 41.838 35.232
0.8 -0.4 -0.3
-80.797 41.798 35.202
0.8 -0.4 -0.3
-80.717 41.758 35.172
0.8 -0.4 -0.3
-80.637 41.718 35.142
0.8 -0.4 -0.3
-80.557 41.678 35.112
0.8 -0.4 -0.3
-80.477 41.638 35.082
0.8 -0.4 -0.3
-80.397 41.598 35.052
0.8 -0.4 -0.3
-80.317 41.558 35.022
0.8 -0.4 -0.3
-80.237 41.518 34.992
0.8 -0.4 -0.3
-80.157 41.478 34.962
0.8 -0.4 -0.3
-80.077 41.438 34.932
0.8 -0.4 -0.3
-79.997 41.398 34.902
0.8 -0.4 -0.3
-79.917 41.358 34.872
0.8 -0.4 -0.3
-79.837 41.318 34.842
0.8 -0.4 -0.3
-79.757 41.278 34.812
0.8 -0.4 -0.3
-79.676 41.238 34.782
0.8 -0.4 -0.3
-79.596 41.198 34.752
0.8 -0.4 -0.3
-79.516 41.158 34.722
0.8 -0.4 -0.3
-79.436 41.118 34.692
0.8 -0.4 -0.3
-79.356 41.078 34.662
0.8 -0.4 -0.3
-79.276 41.038 34.632
0.8 -0.4 -0.3
-79.196 40.998 34.602
0.8 -0.4 -0.3
-79.116 40.958 34.572
0.8 -0.4 -0.3
-79.036 40.918 34.542
0.8 -0.4 -0.3
-78.956 40.878 34.512
0.8 -0.4 -0.3
-78.876 40.838 34.482
0.8 -0.4 -0.3
-78.796 40.798 34.452
0.8 -0.4 -0.3
-78.716 40.758 34.422
0.8 -0.4 -0.3
-78.636 40.718 34.392
0.8 -0.4 -0.3
-78.556 40.678 34.362
0.8 -0.4 -0.3
-78.476 40.638 34.332
0.8 -0.4 -0.3
-78.396 40.598 34.302
0.8 -0.4 -0.3
-78.316 40.558 34.272
0.8 -0.4 -0.3
-78.236 40.518 34.242
0.8 -0.4 -0.3
-78.156 40.478 34.212
0.8 -0.4 -0.3
-78.076 40.438 34.182
0.8 -0.4 -0.3
-77.996 40.398 34.152
0.8 -0.4 -0.3
-77.916 40.358 34.122
0.8 -0.4 -0.3
-77.836 40.318 34.092
0.8 -0.4 -0.3
-77.756 40.278 34.062
0.8 -0.4 -0.3
-77.676 40.238 34.032
0.8 -0.4 -0.3
-77.596 40.198 34.002
0.8 -0.4 -0.3
-77.516 40.158 33.972
0.8 -0.4 -0.3
-77.436 40.118 33.942
0.8 -0.4 -0.3
-77.356 40.078 33.912
0.8 -0.4 -0.3
-77.276 40.038 33.882
0.8 -0.4 -0.3
-77.196 39.998 33.852
0.8 -0.4 -0.3
-77.116 39.958 33.822
0.8 -0.4 -0.3
-77.036 39.918 33.792
0.8 -0.4 -0.3
-76.956 39.878 33.762
0.8 -0.4 -0.3
-76.876 39.838 33.732
0.8 -0.4 -0.3
-76.796 39.798 33.702
0.8 -0.4 -0.3
-76.716 39.758 33.672
0.8 -0.4 -0.3
-76.636 39.718 33.642
0.8 -0.4 -0.3
-76.556 39.678 33.612
0.8 -0.4 -0.3
-76.476 39.638 33.582
0.8 -0.4 -0.3
-76.396 39.598 33.552
0.8 -0.4 -0.3
-76.316 39.558 33.522
0.8 -0.4 -0.3
-76.236 39.518 33.492
0.8 -0.4 -0.3
-76.156 39.478 33.462
0.8 -0.4 -0.3
-76.076 39.438 33.432
0.8 -0.4 -0.3
-75.996 39.398 33.402
0.8 -0.4 -0.3
-75.916 39.358 33.372
0.8 -0.4 -0.3
-75.836 39.318 33.342
0.8 -0.4 -0.3
-75.756 39.278 33.312
0.8 -0.4 -0.3
-75.676 39.238 33.282
0.8 -0.4 -0.3
-75.596 39.198 33.252
0.8 -0.4 -0.3
-75.516 39.158 33.222
0.8 -0.4 -0.3
-75.436 39.118 33.192
0.8 -0.4 -0.3
-75.356 39.078 33.162
0.8 -0.4 -0.3
-75.276 39.038 33.132
0.8 -0.4 -0.3
-75.196 38.998 33.102
0.8 -0.4 -0.3
-75.116 38.958 33.072
0.8 -0.4 -0.3
-75.036 38.918 33.042
0.8 -0.4 -0.3
-74.956 38.878 33.012
0.8 -0.4 -0.3
-74.876 38.838 32.982
0.8 -0.4 -0.3
-74.796 38.798 32.952
0.8 -0.4 -0.3
-74.716 38.758 32.922
0.8 -0.4 -0.3
-74.636 38.718 32.892
0.8 -0.4 -0.3
-74.556 38.678 32.862
0.8 -0.4 -0.3
-74.476 38.638 32.832
0.8 -0.4 -0.3
-74.396 38.598 32.802
0.8 -0.4 -0.3
-74.316 38.558 32.772
0.8 -0.4 -0.3
-74.236 38.518 32.742
0.8 -0.4 -0.3
-74.156 38.478 32.712
0.8 -0.4 -0.3
-74.076 38.438 32.682
0.8 -0.4 -0.3
-73.996 38.398 32.652
0.8 -0.4 -0.3
-73.916 38.358 32.622
0.8 -0.4 -0.3
-73.836 38.318 32.592
0.8 -0.4 -0.3
-73.756 38.278 32.562
0.8 -0.4 -0.3
-73.676 38.238 32.532
0.8 -0.4 -0.3
-73.596 38.198 32.502
0.8 -0.4 -0.3
-73.516 38.158 32.472
0.8 -0.4 -0.3
-73.436 38.118 32.442
0.8 -0.4 -0.3
-73.356 38.078 32.412
0.8 -0.4 -0.3
-73.276 38.038 32.382
0.8 -0.4 -0.3
-73.196 37.998 32.352
0.8 -0.4 -0.3
-73.116 37.958 32.322
0.8 -0.4 -0.3
-73.036 37.918 32.292
0.8 -0.4 -0.3
-72.956 37.878 32.262
0.8 -0.4 -0.3
-72.876 37.838 32.232
0.8 -0.4 -0.3
-72.796 37.798 32.202
0.8 -0.4 -0.3
-72.716 37.758 32.172
0.8 -0.4 -0.3
-72.636 37.718 32.142
0.8 -0.4 -0.3
-72.556 37.678 32.112
0.8 -0.4 -0.3
-72.476 37.638 32.082
0.8 -0.4 -0.3
-72.396 37.598 32.052
0.8 -0.4 -0.3
-72.316 37.558 32.022
0.8 -0.4 -0.3
-72.236 37.518 31.992
0.8 -0.4 -0.3
-72.156 37.478 31.962
0.8 -0.4 -0.3
-72.076 37.438 31.932
0.8 -0.4 -0.3
-71.996 37.398 31.902
0.8 -0.4 -0.3
-71.916 37.358 31.872
0.8 -0.4 -0.3
-71.836 37.318 31.842
0.8 -0.4 -0.3
-71.756 37.278 31.812
0.8 -0.4 -0.3
-71.676 37.238 31.782
0.8 -0.4 -0.3
-71.596 37.198 31.752
0.8 -0.4 -0.3
-71.516 37.158 31.722
0.8 -0.4 -0.3
-71.436 37.118 31.692
0.8 -0.4 -0.3
-71.356 37.078 31.662
0.8 -0.4 -0.3
-71.276 37.038 31.632
0.8 -0.4 -0.3
-71.196 36.998 31.602
0.8 -0.4 -0.3
-71.116 36.958 31.572
0.8 -0.4 -0.3
-71.036 36.918 31.542
0.8 -0.4 -0.3
-70.956 36.878 31.512
0.8 -0.4 -0.3
-70.876 36.838 31.482
0.8 -0.4 -0.3
-70.796 36.798 31.452
0.8 -0.4 -0.3
-70.716 36.758 31.422
0.8 -0.4 -0.3
-70.636 36.718 31.392
0.8 -0.4 -0.3
-70.556 36.678 31.362
0.8 -0.4 -0.3
-70.476 36.638 31.332
0.8 -0.4 -0.3
-70.396 36.598 31.302
0.8 -0.4 -0.3
-70.316 36.558 31.272
0.8 -0.4 -0.3
-70.236 36.518 31.242
0.8 -0.4 -0.3
-70.156 36.478 31.212
0.8 -0.4 -0.3
-70.076 36.438 31.182
0.8 -0.4 -0.3
-69.996 36.398 31.152
0.8 -0.4 -0.3
-69.916 36.358 31.122
0.8 -0.4 -0.3
-69.836 36.318 31.092
0.8 -0.4 -0.3
-69.756 36.278 31.062
0.8 -0.4 -0.3
-69.676 36.238 31.032
0.8 -0.4 -0.3
-69.596 36.198 31.002
0.8 -0.4 -0.3
-69.516 36.158 30.972
0.8 -0.4 -0.3
-69.436 36.118 30.942
0.8 -0.4 -0.3
-69.356 36.078 30.912
0.8 -0.4 -0.3
-69.276 36.038 30.882
0.8 -0.4 -0.3
-69.196 35.998 30.852
0.8 -0.4 -0.3
-69.116 35.958 30.822
0.8 -0.4 -0.3
-69.036 35.918 30.792
0.8 -0.4 -0.3
-68.956 35.878 30.762
0.8 -0.4 -0.3
-68.876 35.838 30.732
0.8 -0.4 -0.3
-68.796 35.798 30.702
0.8 -0.4 -0.3
-68.716 35.758 30.672
0.8 -0.4 -0.3
-68.636 35.718 30.642
0.8 -0.4 -0.3
-68.556 35.678 30.612
0.8 -0.4 -0.3
-68.476 35.638 30.582
0.8 -0.4 -0.3
-68.396 35.598 30.552
0.8 -0.4 -0.3
-68.316 35.558 30.522
0.8 -0.4 -0.3
-68.236 35.518 30.492
0.8 -0.4 -0.3
-68.156 35.478 30.462
0.8 -0.4 -0.3
-68.076 35.438 30.432
0.8 -0.4 -0.3
-67.996 35.398 30.402
0.8 -0.4 -0.3
-67.916 35.358 30.372
0.8 -0.4 -0.3
-67.836 35.318 30.342
0.8 -0.4 -0.3
-67.756 35.278 30.312
0.8 -0.4 -0.3
-67.676 35.238 30.282
0.8 -0.4 -0.3
-67.596 35.198 30.252
0.8 -0.4 -0.3
-67.516 35.158 30.222
0.8 -0.4 -0.3
-67.436 35.118 30.192
0.8 -0.4 -0.3
-67.356 35.078 30.162
0.8 -0.4 -0.3
-67.276 35.038 30.132
0.8 -0.4 -0.3
-67.196 34.998 30.102
0.8 -0.4 -0.3
-67.116 34.958 30.072
0.8 -0.4 -0.3
-67.036 34.918 30.042
0.8 -0.4 -0.3
-66.956 34.878 30.012
0.8 -0.4 -0.3
-66.876 34.838 29.982
0.8 -0.4 -0.3
-66.796 34.798 29.952
0.8 -0.4 -0.3
-66.716 34.758 29.922
0.8 -0.4 -0.3
-66.636 34.718 29.892
0.8 -0.4 -0.3
-66.556 34.678 29.862
0.8 -0.4 -0.3
-66.476 34.638 29.832
0.8 -0.4 -0.3
-66.396 34.598 29.802
0.8 -0.4 -0.3
-66.316 34.558 29.772
0.8 -0.4 -0.3
-66.236 34.518 29.742
0.8 -0.4 -0.3
-66.156 34.478 29.712
0.8 -0.4 -0.3
-66.076 34.438 29.682
0.8 -0.4 -0.3
-65.996 34.398 29.652
0.8 -0.4 -0.3
-65.916 34.358 29.622
0.8 -0.4 -0.3
-65.836 34.318 29.592
0.8 -0.4 -0.3
-65.756 34.278 29.562
0.8 -0.4 -0.3
-65.676 34.238 29.532
0.8 -0.4 -0.3
-65.596 34.198 29.502
0.8 -0.4 -0.3
-65.516 34.158 29.472
0.8 -0.4 -0.3
-65.436 34.118 29.442
0.8 -0.4 -0.3
-65.356 34.078 29.412
0.8 -0.4 -0.3
-65.276 34.038 29.382
0.8 -0.4 -0.3
-65.196 33.998 29.352
0.8 -0.4 -0.3
-65.116 33.958 29.322
0.8 -0.4 -0.3
-65.036 33.918 29.292
0.8 -0.4 -0.3
-64.956 33.878 29.262
0.8 -0.4 -0.3
-64.876 33.838 29.232
0.8 -0.4 -0.3
-64.796 33.798 29.202
0.8 -0.4 -0.3
-64.716 33.758 29.172
0.8 -0.4 -0.3
-64.636 33.718 29.142
0.8 -0.4 -0.3
-64.556 33.678 29.112
0.8 -0.4 -0.3
-64.476 33.638 29.082
0.8 -0.4 -0.3
-64.396 33.598 29.052
0.8 -0.4 -0.3
-64.316 33.558 29.022
0.8 -0.4 -0.3
-64.236 33.518 28.992
0.8 -0.4 -0.3
-64.156 33.478 28.962
0.8 -0.4 -0.3
-64.076 33.438 28.932
0.8 -0.4 -0.3
-63.996 33.398 28.902
0.8 -0.4 -0.3
-63.916 33.358 28.872
0.8 -0.4 -0.3
-63.836 33.318 28.842
0.8 -0.4 -0.3
-63.756 33.278 28.812
0.8 -0.4 -0.3
-63.676 33.238 28.782
0.8 -0.4 -0.3
-63.596 33.198 28.752
0.8 -0.4 -0.3
-63.516 33.158 28.722
0.8 -0.4 -0.3
-63.436 33.118 28.692
0.8 -0.4 -0.3
-63.356 33.078 28.662
0.8 -0.4 -0.3
-63.276 33.038 28.632
0.8 -0.4 -0.3
-63.196 32.998 28.602
0.8 -0.4 -0.3
-63.116 32.958 28.572
0.8 -0.4 -0.3
-63.036 32.918 28.542
0.8 -0.4 -0.3
-62.956 32.878 28.512
0.8 -0.4 -0.3
-62.876 32.838 28.482
0.8 -0.4 -0.3
-62.796 32.798 28.452
0.8 -0.4 -0.3
-62.716 32.758 28.422
0.8 -0.4 -0.3
-62.636 32.718 28.392
0.8 -0.4 -0.3
-62.556 32.678 28.362
0.8 -0.4 -0.3
-62.476 32.638 28.332
0.8 -0.4 -0.3
-62.396 32.598 28.302
0.8 -0.4 -0.3
-62.316 32.558 28.272
0.8 -0.4 -0.3
-62.236 32.518 28.242
0.8 -0.4 -0.3
-62.156 32.478 28.212
0.8 -0.4 -0.3
-62.076 32.438 28.182
0.8 -0.4 -0.3
-61.996 32.398 28.152
0.8 -0.4 -0.3
-61.916 32.358 28.122
0.8 -0.4 -0.3
-61.836 32.318 28.092
0.8 -0.4 -0.3
-61.756 32.278 28.062
0.8 -0.4 -0.3
-61.676 32.238 28.032
0.8 -0.4 -0.3
-61.596 32.198 28.002
0.8 -0.4 -0.3
-61.516 32.158 27.972
0.8 -0.4 -0.3
-61.436 32.118 27.942
0.8 -0.4 -0.3
-61.356 32.078 27.912
0.8 -0.4 -0.3
-61.276 32.038 27.882
0.8 -0.4 -0.3
-61.196 31.998 27.852
0.8 -0.4 -0.3
-61.116 31.958 27.822
0.8 -0.4 -0.3
-61.036 31.918 27.792
0.8 -0.4 -0.3
-60.956 31.878 27.762
0.8 -0.4 -0.3
-60.876 31.838 27.732
0.8 -0.4 -0.3
-60.796 31.798 27.702
0.8 -0.4 -0.3
-60.716 31.758 27.672
0.8 -0.4 -0.3
-60.636 31.718 27.642
0.8 -0.4 -0.3
-60.556 31.678 27.612
0.8 -0.4 -0.3
-60.476 31.638 27.582
0.8 -0.4 -0.3
-60.396 31.598 27.552
0.8 -0.4 -0.3
-60.316 31.558 27.522
0.8 -0.4 -0.3
-60.236 31.518 27.492
0.8 -0.4 -0.3
-60.156 31.478 27.462
0.8 -0.4 -0.3
-60.076 31.438 27.432
0.8 -0.4 -0.3
-59.996 31.398 27.402
0.8 -0.4 -0.3
-59.916 31.358 27.372
0.8 -0.4 -0.3
-59.836 31.318 27.342
0.8 -0.4 -0.3
-59.756 31.278 27.312
0.8 -0.4 -0.3
-59.676 31.238 27.282
0.8 -0.4 -0.3
-59.596 31.198 27.252
0.8 -0.4 -0.3
-59.516 31.158 27.222
0.8 -0.4 -0.3
-59.436 31.118 27.192
0.8 -0.4 -0.3
-59.356 31.078 27.162
0.8 -0.4 -0.3
-59.276 31.038 27.132
0.8 -0.4 -0.3
-59.196 30.998 27.102
0.8 -0.4 -0.3
-59.116 30.958 27.072
0.8 -0.4 -0.3
-59.036 30.918 27.042
0.8 -0.4 -0.3
-58.956 30.878 27.012
0.8 -0.4 -0.3
-58.876 30.838 26.982
0.8 -0.4 -0.3
-58.796 30.798 26.952
0.8 -0.4 -0.3
-58.716 30.758 26.922
0.8 -0.4 -0.3
-58.636 30.718 26.892
0.8 -0.4 -0.3
-58.556 30.678 26.862
0.8 -0.4 -0.3
-58.476 30.638 26.832
0.8 -0.4 -0.3
-58.396 30.598 26.802
0.8 -0.4 -0.3
-58.316 30.558 26.772
0.8 -0.4 -0.3
-58.236 30.518 26.742
0.8 -0.4 -0.3
-58.156 30.478 26.712
0.8 -0.4 -0.3
-58.076 30.438 26.682
0.8 -0.4 -0.3
-57.996 30.398 26.652
0.8 -0.4 -0.3
-57.916 30.358 26.622
0.8 -0.4 -0.3
-57.836 30.318 26.592
0.8 -0.4 -0.3
-57.756 30.278 26.562
0.8 -0.4 -0.3
-57.676 30.238 26.532
0.8 -0.4 -0.3
-57.596 30.198 26.502
0.8 -0.4 -0.3
-57.516 30.158 26.472
0.8 -0.4 -0.3
-57.436 30.118 26.442
0.8 -0.4 -0.3
-57.356 30.078 26.412
0.8 -0.4 -0.3
-57.276 30.038 26.382
0.8 -0.4 -0.3
-57.196 29.998 26.352
0.8 -0.4 -0.3
-57.116 29.958 26.322
0.8 -0.4 -0.3
-57.036 29.918 26.292
0.8 -0.4 -0.3
-56.956 29.878 26.262
0.8 -0.4 -0.3
-56.876 29.838 26.232
0.8 -0.4 -0.3
-56.796 29.798 26.202
0.8 -0.4 -0.3
-56.716 29.758 26.172
0.8 -0.4 -0.3
-56.636 29.718 26.142
0.8 -0.4 -0.3
-56.556 29.678 26.112
0.8 -0.4 -0.3
-56.476 29.638 26.082
0.8 -0.4 -0.3
-56.396 29.598 26.052
0.8 -0.4 -0.3
-56.316 29.558 26.022
0.8 -0.4 -0.3
-56.236 29.518 25.992
0.8 -0.4 -0.3
-56.156 29.478 25.962
0.8 -0.4 -0.3
-56.076 29.438 25.932
0.8 -0.4 -0.3
-55.996 29.398 25.902
0.8 -0.4 -0.3
-55.916 29.358 25.872
0.8 -0.4 -0.3
-55.836 29.318 25.842
0.8 -0.4 -0.3
-55.756 29.278 25.812
0.8 -0.4 -0.3
-55.676 29.238 25.782
0.8 -0.4 -0.3
-55.596 29.198 25.752
0.8 -0.4 -0.3
-55.516 29.158 25.722
0.8 -0.4 -0.3
-55.436 29.118 25.692
0.8 -0.4 -0.3
-55.356 29.078 25.662
0.8 -0.4 -0.3
-55.276 29.038 25.632
0.8 -0.4 -0.3
-55.196 28.998 25.602
0.8 -0.4 -0.3
-55.116 28.958 25.572
0.8 -0.4 -0.3
-55.036 28.918 25.542
0.8 -0.4 -0.3
-54.956 28.878 25.512
0.8 -0.4 -0.3
-54.876 28.838 25.482
0.8 -0.4 -0.3
-54.796 28.798 25.452
0.8 -0.4 -0.3
-54.716 28.758 25.422
0.8 -0.4 -0.3
-54.636 28.718 25.392
0.8 -0.4 -0.3
-54.556 28.678 25.362
0.8 -0.4 -0.3
-54.476 28.638 25.332
0.8 -0.4 -0.3
-54.396 28.598 25.302
0.8 -0.4 -0.3
-54.316 28.558 25.272
0.8 -0.4 -0.3
-54.236 28.518 25.242
0.8 -0.4 -0.3
-54.156 28.478 25.212
0.8 -0.4 -0.3
-54.076 28.438 25.182
0.8 -0.4 -0.3
-53.996 28.398 25.152
0.8 -0.4 -0.3
-53.916 28.358 25.122
0.8 -0.4 -0.3
-53.836 28.318 25.092
0.8 -0.4 -0.3
-53.756 28.278 25.062
0.8 -0.4 -0.3
-53.676 28.238 25.032
0.8 -0.4 -0.3
-53.596 28.198 25.002
0.8 -0.4 -0.3
-53.516 28.158 24.972
0.8 -0.4 -0.3
-53.436 28.118 24.942
0.8 -0.4 -0.3
-53.356 28.078 24.912
0.8 -0.4 -0.3
-53.276 28.038 24.882
0.8 -0.4 -0.3
-53.196 27.998 24.852
0.8 -0.4 -0.3
-53.116 27.958 24.822
0.8 -0.4 -0.3
-53.036 27.918 24.792
0.8 -0.4 -0.3
-52.956 27.878 24.762
0.8 -0.4 -0.3
-52.876 27.838 24.732
0.8 -0.4 -0.3
-52.796 27.798 24.702
0.8 -0.4 -0.3
-52.716 27.758 24.672
0.8 -0.4 -0.3
-52.636 27.718 24.642
0.8 -0.4 -0.3
-52.556 27.678 24.612
0.8 -0.4 -0.3
-52.476 27.638 24.582
0.8 -0.4 -0.3
-52.396 27.598 24.552
0.8 -0.4 -0.3
-52.316 27.558 24.522
0.8 -0.4 -0.3
-52.236 27.518 24.492
0.8 -0.4 -0.3
-52.156 27.478 24.462
0.8 -0.4 -0.3
-52.076 27.438 24.432
0.8 -0.4 -0.3
-51.996 27.398 24.402
0.8 -0.4 -0.3
-51.916 27.358 24.372
0.8 -0.4 -0.3
-51.836 27.318 24.342
0.8 -0.4 -0.3
-51.756 27.278 24.312
0.8 -0.4 -0.3
-51.676 27.238 24.282
0.8 -0.4 -0.3
-51.596 27.198 24.252
0.8 -0.4 -0.3
-51.516 27.158 24.222
0.8 -0.4 -0.3
-51.436 27.118 24.192
0.8 -0.4 -0.3
-51.356 27.078 24.162
0.8 -0.4 -0.3
-51.276 27.038 24.132
0.8 -0.4 -0.3
-51.196 26.998 24.102
0.8 -0.4 -0.3
-51.116 26.958 24.072
0.8 -0.4 -0.3
-51.036 26.918 24.042
0.8 -0.4 -0.3
-50.956 26.878 24.012
0.8 -0.4 -0.3
-50.876 26.838 23.982
0.8 -0.4 -0.3
-50.796 26.798 23.952
0.8 -0.4 -0.3
-50.716 26.758 23.922
0.8 -0.4 -0.3
-50.636 26.718 23.892
0.8 -0.4 -0.3
-50.556 26.678 23.862
0.8 -0.4 -0.3
-50.476 26.638 23.832
0.8 -0.4 -0.3
-50.396 26.598 23.802
0.8 -0.4 -0.3
-50.316 26.558 23.772
0.8 -0.4 -0.3
-50.236 26.518 23.742
0.8 -0.4 -0.3
-50.156 26.478 23.712
0.8 -0.4 -0.3
-50.076 26.438 23.682
0.8 -0.4 -0.3
-49.996 26.398 23.652
0.8 -0.4 -0.3
-49.916 26.358 23.622
0.8 -0.4 -0.3
-49.836 26.318 23.592
0.8 -0.4 -0.3
-49.756 26.278 23.562
0.8 -0.4 -0.3
-49.676 26.238 23.532
0.8 -0.4 -0.3
-49.596 26.198 23.502
0.8 -0.4 -0.3
-49.516 26.158 23.472
0.8 -0.4 -0.3
-49.436 26.118 23.442
0.8 -0.4 -0.3
-49.356 26.078 23.412
0.8 -0.4 -0.3
-49.276 26.038 23.382
0.8 -0.4 -0.3
-49.196 25.998 23.352
0.8 -0.4 -0.3
-49.116 25.958 23.322
0.8 -0.4 -0.3
-49.036 25.918 23.292
0.8 -0.4 -0.3
-48.956 25.878 23.262
0.8 -0.4 -0.3
-48.876 25.838 23.232
0.8 -0.4 -0.3
-48.796 25.798 23.202
0.8 -0.4 -0.3
-48.716 25.758 23.172
0.8 -0.4 -0.3
-48.636 25.718 23.142
0.8 -0.4 -0.3
-48.556 25.678 23.112
0.8 -0.4 -0.3
-48.476 25.638 23.082
0.8 -0.4 -0.3
-48.396 25.598 23.052
0.8 -0.4 -0.3
-48.316 25.558 23.022
0.8 -0.4 -0.3
-48.236 25.518 22.992
0.8 -0.4 -0.3
-48.156 25.478 22.962
0.8 -0.4 -0.3
-48.076 25.438 22.932
0.8 -0.4 -0.3
-47.996 25.398 22.902
0.8 -0.4 -0.3
-47.916 25.358 22.872
0.8 -0.4 -0.3
-47.836 25.318 22.842
0.8 -0.4 -0.3
-47.756 25.278 22.812
0.8 -0.4 -0.3
-47.676 25.238 22.782
0.8 -0.4 -0.3
-47.596 25.198 22.752
0.8 -0.4 -0.3
-47.516 25.158 22.722
0.8 -0.4 -0.3
-47.436 25.118 22.692
0.8 -0.4 -0.3
-47.356 25.078 22.662
0.8 -0.4 -0.3
-47.276 25.038 22.632
0.8 -0.4 -0.3
-47.196 24.998 22.602
0.8 -0.4 -0.3
-47.116 24.958 22.572
0.8 -0.4 -0.3
-47.036 24.918 22.542
0.8 -0.4 -0.3
-46.956 24.878 22.512
0.8 -0.4 -0.3
-46.876 24.838 22.482
0.8 -0.4 -0.3
-46.796 24.798 22.452
0.8 -0.4 -0.3
-46.716 24.758 22.422
0.8 -0.4 -0.3
-46.636 24.718 22.392
0.8 -0.4 -0.3
-46.556 24.678 22.362
0.8 -0.4 -0.3
-46.476 24.638 22.332
0.8 -0.4 -0.3
-46.396 24.598 22.302
0.8 -0.4 -0.3
-46.316 24.558 22.272
0.8 -0.4 -0.3
-46.236 24.518 22.242
0.8 -0.4 -0.3
-46.156 24.478 22.212
0.8 -0.4 -0.3
-46.076 24.438 22.182
0.8 -0.4 -0.3
-45.996 24.398 22.152
0.8 -0.4 -0.3
-45.916 24.358 22.122
0.8 -0.4 -0.3
-45.836 24.318 22.092
0.8 -0.4 -0.3
-45.756 24.278 22.062
0.8 -0.4 -0.3
-45.676 24.238 22.032
0.8 -0.4 -0.3
-45.596 24.198 22.002
0.8 -0.4 -0.3
-45.516 24.158 21.972
0.8 -0.4 -0.3
-45.436 24.118 21.942
0.8 -0.4 -0.3
-45.356 24.078 21.912
0.8 -0.4 -0.3
-45.276 24.038 21.882
0.8 -0.4 -0.3
-45.196 23.998 21.852
0.8 -0.4 -0.3
-45.116 23.958 21.822
0.8 -0.4 -0.3
-45.036 23.918 21.792
0.8 -0.4 -0.3
-44.956 23.878 21.762
0.8 -0.4 -0.3
-44.876 23.838 21.732
0.8 -0.4 -0.3
-44.796 23.798 21.702
0.8 -0.4 -0.3
-44.716 23.758 21.672
0.8 -0.4 -0.3
-44.636 23.718 21.642
0.8 -0.4 -0.3
-44.556 23.678 21.612
0.8 -0.4 -0.3
-44.476 23.638 21.582
0.8 -0.4 -0.3
-44.396 23.598 21.552
0.8 -0.4 -0.3
-44.316 23.558 21.522
0.8 -0.4 -0.3
-44.236 23.518 21.492
0.8 -0.4 -0.3
-44.156 23.478 21.462
0.8 -0.4 -0.3
-44.076 23.438 21.432
0.8 -0.4 -0.3
-43.996 23.398 21.402
0.8 -0.4 -0.3
-43.916 23.358 21.372
0.8 -0.4 -0.3
-43.836 23.318 21.342
0.8 -0.4 -0.3
-43.756 23.278 21.312
0.8 -0.4 -0.3
-43.676 23.238 21.282
0.8 -0.4 -0.3
-43.596 23.198 21.252
0.8 -0.4 -0.3
-43.516 23.158 21.222
0.8 -0.4 -0.3
-43.436 23.118 21.192
0.8 -0.4 -0.3
-43.356 23.078 21.162
0.8 -0.4 -0.3
-43.276 23.038 21.132
0.8 -0.4 -0.3
-43.196 22.998 21.102
0.8 -0.4 -0.3
-43.116 22.958 21.072
0.8 -0.4 -0.3
-43.036 22.918 21.042
0.8 -0.4 -0.3
-42.956 22.878 21.012
0.8 -0.4 -0.3
-42.876 22.838 20.982
0.8 -0.4 -0.3
-42.796 22.798 20.952
0.8 -0.4 -0.3
-42.716 22.758 20.922
0.8 -0.4 -0.3
-42.636 22.718 20.892
0.8 -0.4 -0.3
-42.556 22.678 20.862
0.8 -0.4 -0.3
-42.476 22.638 20.832
0.8 -0.4 -0.3
